$1
0	1	1	0	0	1	1	1	1	1	0	0	1	1	1
1	1	0	1	0	0	0	1	1	0	1	0	0	0	0
0	0	0	1	1	1	1	1	0	0	0	1	1	1	1
1	0	0	1	0	1	1	1	1	1	1	1	0	1	1
1	1	0	0	1	1	1	1	0	1	0	0	0	1	0
1	0	0	1	0	0	0	1	1	1	1	0	0	0	1
1	1	1	1	0	0	1	0	0	1	1	1	1	0	1
0	1	1	0	0	0	1	0	0	1	0	0	0	1	0
1	0	0	0	1	0	1	0	0	0	0	1	0	0	1
1	1	0	0	1	0	0	1	1	0	1	0	1	0	0
0	0	0	1	0	1	1	0	1	1	1	0	0	1	0
1	1	0	0	0	1	1	0	0	1	1	1	0	1	1
1	0	1	1	1	1	1	0	0	1	0	0	1	1	1
0	0	0	0	0	0	0	0	0	1	0	0	1	0	0
1	0	1	0	0	0	1	0	0	1	1	0	0	1	0
$2
1	1	0	0	1	0	1	0	0	0	0	0	0	1	0
1	0	0	1	0	1	0	1	0	1	1	1	0	0	1
0	1	1	1	0	0	0	0	0	0	1	0	1	1	1
1	1	1	0	0	0	0	1	1	0	0	1	0	1	1
1	1	0	0	0	1	0	0	1	1	0	1	0	1	0
1	0	0	1	0	0	0	0	1	0	1	0	0	0	0
1	0	1	1	1	0	1	1	0	0	1	0	1	1	0
1	1	0	1	0	1	0	0	1	0	1	1	1	1	1
0	1	0	1	0	1	1	1	1	1	0	0	1	0	0
0	0	1	1	1	1	0	1	0	0	1	0	0	1	1
1	0	1	0	1	0	0	1	0	1	0	0	0	0	1
1	1	1	1	0	0	0	1	1	1	0	0	1	0	1
1	0	0	1	0	1	0	1	0	0	1	0	0	0	1
0	1	0	0	1	1	1	1	0	0	1	0	1	0	1
0	0	1	1	1	0	1	1	1	0	0	1	0	1	1
$3
0	0	0	1	1	0	1	1	0	0	1	1	0	0	1
0	1	0	1	1	1	0	1	0	0	0	1	1	1	1
0	1	1	0	0	1	1	1	1	1	0	1	1	1	1
1	0	1	1	0	1	1	0	0	1	1	1	0	1	1
1	0	0	1	0	1	1	0	0	1	1	0	0	1	1
0	0	1	0	0	0	0	1	1	1	0	0	0	0	1
1	1	0	0	1	0	1	0	0	0	1	0	0	0	0
1	1	0	1	0	0	1	0	1	1	1	1	0	0	0
1	1	1	0	0	0	0	0	0	0	1	0	1	1	1
0	0	0	0	1	1	0	0	1	1	0	1	0	0	0
0	1	1	0	1	0	0	0	0	1	1	0	1	0	0
1	0	0	0	0	1	0	1	1	0	1	1	0	1	1
0	0	0	0	0	1	1	1	0	1	1	0	1	1	0
0	1	1	1	1	0	0	1	0	0	1	0	0	1	1
0	0	1	1	1	1	0	1	0	1	0	0	0	1	0
$4
1	0	0	1	0	1	0	0	1	1	1	0	1	0	1
1	1	0	1	0	0	0	0	1	1	0	0	0	0	1
1	1	1	0	1	1	0	0	1	0	1	0	1	0	1
1	0	0	0	0	0	0	1	0	1	0	0	1	0	1
0	0	1	1	0	1	0	0	1	0	1	1	0	0	1
0	1	0	0	1	0	0	0	0	0	1	0	0	1	0
1	1	1	1	0	1	0	0	1	1	1	1	1	1	0
1	1	1	1	0	0	0	1	1	1	1	0	0	0	0
0	1	0	1	0	1	1	0	1	0	1	1	0	1	1
1	0	1	1	1	0	1	0	1	0	0	1	0	1	1
0	1	1	1	0	1	0	1	0	1	0	0	0	0	1
1	1	1	0	0	0	0	0	0	0	1	0	1	1	1
1	0	1	1	0	0	1	0	0	1	0	1	0	1	1
1	0	0	0	1	0	0	1	1	1	1	0	0	1	1
1	1	0	0	0	1	0	0	0	0	0	1	1	0	0
$5
0	0	1	1	0	0	0	1	1	0	1	0	0	0	0
0	1	1	0	1	1	0	0	0	1	1	1	1	0	0
0	0	0	0	0	1	1	1	0	1	0	1	1	1	0
0	1	1	1	1	0	1	1	0	1	0	0	0	0	1
0	1	0	1	1	0	0	0	0	0	0	1	0	1	1
1	1	0	1	1	0	1	1	1	0	0	0	0	1	1
0	0	1	1	1	0	1	1	0	0	0	0	1	0	1
0	1	1	0	0	0	0	1	1	0	0	0	0	0	0
1	1	1	1	0	1	0	0	1	0	0	1	1	1	0
1	1	0	1	1	0	0	1	1	1	0	0	0	0	1
0	0	0	0	0	1	1	0	0	0	1	0	1	1	1
0	1	0	1	0	0	1	1	1	1	0	0	1	0	1
1	1	1	0	1	0	0	0	0	1	1	1	0	1	1
0	0	0	0	1	1	0	1	0	1	1	1	1	0	1
1	1	1	1	0	0	1	0	0	0	0	0	1	1	1
$6
1	1	0	1	0	1	0	0	0	1	1	0	0	0	1
0	0	1	1	1	1	0	0	0	0	0	1	1	1	0
0	0	0	0	1	1	1	0	0	1	1	1	1	0	1
0	0	0	0	1	0	1	1	0	1	0	1	1	1	1
0	0	0	1	0	0	1	1	1	0	1	0	1	1	1
0	0	0	0	0	1	1	0	0	1	0	1	0	0	0
0	0	1	0	1	0	0	0	0	1	1	1	0	0	1
0	1	1	1	1	1	1	1	0	0	0	0	0	1	1
0	1	1	1	0	0	0	1	1	1	1	0	0	0	1
0	1	0	0	1	1	0	0	1	0	1	0	1	0	0
0	1	0	0	0	1	1	1	0	0	0	1	0	1	0
0	0	0	1	0	1	1	1	1	0	1	1	1	1	0
1	0	0	1	0	0	0	0	1	1	1	0	0	0	1
0	1	1	1	1	0	1	0	0	1	0	0	1	1	1
1	0	0	0	1	1	1	1	0	1	1	1	1	0	0
$7
0	1	1	0	0	0	0	0	1	0	0	0	1	0	0
1	1	1	0	1	1	0	0	1	0	0	1	0	0	0
0	1	1	0	1	1	0	0	1	0	1	1	1	1	1
1	1	0	0	1	1	0	0	0	0	0	1	0	0	0
1	1	1	1	0	1	0	1	1	0	1	1	1	1	0
1	0	1	0	0	1	0	0	0	1	1	1	1	0	1
1	1	0	0	1	0	1	1	1	0	0	0	0	0	0
0	1	0	1	1	0	1	0	0	0	1	1	1	0	0
1	0	0	1	0	0	1	0	0	0	1	0	0	1	0
1	1	1	1	1	1	0	0	0	0	0	0	1	0	1
1	1	1	1	1	1	1	1	1	1	1	1	1	0	0
0	0	0	1	1	1	1	1	1	1	0	1	0	0	0
1	0	1	0	1	0	0	1	0	0	0	1	1	1	1
0	1	1	0	1	0	0	0	0	1	0	0	0	0	1
0	0	0	0	0	0	0	1	0	0	0	0	1	1	1
$8
1	1	0	0	1	1	1	0	0	0	0	1	1	0	0
0	1	0	0	0	1	0	0	1	0	0	1	0	0	0
1	0	1	1	0	0	1	1	0	0	1	0	1	0	1
0	1	1	1	0	0	0	0	1	0	1	0	0	0	0
0	1	1	0	1	0	1	1	0	1	1	0	0	0	1
0	1	0	1	0	1	0	1	0	1	0	0	0	0	0
0	1	0	1	1	0	1	0	1	0	0	1	0	0	0
0	0	1	1	1	0	0	1	0	1	0	0	1	1	0
1	0	1	0	1	0	1	1	1	1	0	1	0	1	0
0	0	0	1	1	0	0	1	1	1	1	0	1	0	0
0	0	0	0	1	1	1	1	1	0	0	0	1	1	1
0	1	0	0	1	1	0	0	0	0	0	1	0	1	0
0	1	0	1	0	0	1	0	1	1	1	1	0	1	1
0	0	0	1	1	1	1	1	0	1	1	0	1	1	1
1	0	1	1	1	1	1	1	1	1	1	1	0	0	0
$9
0	0	0	0	1	1	0	0	1	0	0	1	0	0	0
1	0	1	0	0	1	1	0	1	0	0	1	0	1	1
0	0	0	1	1	1	0	1	1	1	0	1	0	0	1
0	1	1	0	1	1	0	1	1	1	0	0	0	1	1
0	1	0	0	0	1	1	0	0	0	1	0	1	0	0
0	0	0	0	0	1	1	1	0	1	1	1	0	0	0
0	1	1	0	0	1	0	0	1	1	0	0	0	1	1
0	0	0	1	0	1	1	0	1	0	1	1	1	0	0
1	1	0	0	1	1	0	1	1	0	1	0	0	0	1
1	1	1	1	1	1	1	0	1	0	1	0	0	1	0
1	0	1	0	0	1	1	0	1	1	1	0	0	0	1
1	0	1	1	1	1	1	1	1	0	0	0	0	0	1
1	0	0	1	0	0	0	1	0	1	1	1	0	1	1
0	1	0	0	1	0	0	0	0	0	1	0	1	0	1
0	0	1	0	0	1	0	1	0	0	1	1	1	0	0
$10
0	1	0	0	1	0	0	1	1	0	0	1	1	1	1
0	0	1	0	0	1	0	1	0	1	0	0	0	0	0
1	1	1	1	1	1	1	0	0	1	0	0	1	1	0
1	1	0	0	0	1	0	0	1	0	1	0	0	0	0
1	1	1	0	0	0	0	0	1	0	1	1	0	0	0
0	1	0	0	1	1	0	1	1	1	0	1	0	0	0
1	0	0	1	0	1	1	0	0	1	1	1	0	0	1
0	1	1	0	0	0	0	1	1	1	1	1	1	0	0
1	1	0	0	0	1	1	1	0	1	0	1	1	0	0
1	0	1	0	1	0	1	1	0	0	1	1	1	1	0
0	0	0	0	1	0	1	0	1	1	0	0	1	0	0
1	1	0	0	0	0	1	0	1	1	1	0	0	1	1
1	0	1	1	1	1	0	0	1	0	0	0	1	0	1
1	0	1	1	0	0	1	0	0	0	1	0	1	0	0
0	0	1	1	0	1	1	1	0	1	1	0	1	0	0
$11
1	1	1	1	1	0	0	1	0	1	1	0	1	1	0
1	0	1	0	0	0	0	0	1	0	1	1	1	1	0
0	1	0	0	1	1	0	1	1	1	1	0	1	0	1
0	1	0	0	0	1	1	1	0	1	1	0	1	0	1
0	1	0	0	1	1	0	1	0	0	0	0	0	1	0
1	0	0	0	0	0	1	0	0	1	1	1	1	0	0
1	0	1	1	1	0	1	0	0	0	1	1	0	1	0
0	1	0	1	0	0	0	1	1	0	0	0	0	1	1
0	0	0	0	1	0	1	1	1	0	1	1	0	1	0
0	1	0	0	0	1	1	1	1	0	1	1	1	0	0
1	0	0	1	1	0	0	0	0	1	0	1	1	0	1
0	1	0	1	0	0	1	1	0	0	0	0	0	1	1
1	0	1	0	1	0	0	1	1	1	0	0	0	0	1
0	0	1	0	0	1	0	1	1	0	0	0	0	0	1
0	0	0	1	1	1	1	1	0	0	0	1	1	1	0
$12
1	0	0	0	1	0	1	1	1	0	1	0	0	1	1
1	1	0	1	1	0	1	0	0	0	1	1	1	0	1
1	0	0	0	0	1	1	1	1	0	1	0	1	0	1
0	0	0	1	1	0	1	1	1	1	0	0	0	0	1
1	0	0	1	1	1	1	0	0	0	0	0	1	0	1
0	0	1	0	0	1	1	1	1	1	0	1	0	0	1
0	1	0	0	1	0	0	0	1	0	0	0	1	0	0
0	0	0	1	0	1	0	1	1	1	1	0	0	1	0
0	0	1	1	0	1	0	0	0	1	0	1	1	0	0
0	0	1	0	1	0	0	0	0	0	0	0	0	0	1
1	0	1	1	0	0	1	0	0	0	1	1	0	0	0
0	0	1	1	1	1	1	1	0	1	1	1	0	0	1
1	1	1	0	0	1	1	1	1	1	0	0	1	1	1
1	0	1	1	0	0	0	0	0	1	0	0	1	1	0
0	0	0	1	1	0	1	1	0	1	0	1	0	0	1
$13
0	1	0	1	1	1	0	1	0	0	1	0	1	1	0
0	0	0	0	0	1	0	0	1	1	0	0	1	0	1
0	0	0	0	1	1	1	1	0	1	1	0	1	1	1
0	0	0	1	1	0	1	1	0	0	0	0	1	1	1
1	0	1	0	1	1	1	0	1	1	0	1	1	0	1
1	0	0	0	0	1	1	0	1	1	0	0	1	0	0
1	0	0	1	0	1	1	1	1	0	1	1	1	0	1
0	0	0	1	1	0	0	1	1	1	0	1	0	1	0
1	0	1	0	0	0	0	0	0	0	0	0	1	0	1
1	1	1	0	0	1	0	0	0	0	0	0	0	1	0
0	0	1	0	0	0	0	1	0	1	0	1	1	1	1
0	0	0	0	1	0	1	1	0	0	0	1	1	1	1
0	0	1	1	1	0	1	1	0	0	1	0	1	0	1
1	1	1	0	0	0	0	0	1	1	0	0	0	0	0
0	1	0	1	1	0	1	1	1	0	0	1	0	1	1
$14
0	1	1	1	0	0	1	1	0	0	1	0	1	1	1
1	1	0	1	1	1	0	0	0	0	0	0	1	0	1
0	1	0	0	0	1	0	0	1	1	1	0	1	0	0
1	1	1	1	0	0	1	1	0	0	1	0	0	1	1
0	0	0	0	0	0	0	0	1	1	1	0	1	0	0
0	0	0	1	0	0	0	1	0	0	1	1	0	0	0
0	0	1	1	0	0	0	1	0	1	0	0	0	1	1
0	0	0	1	0	0	0	0	1	1	1	0	1	1	0
1	1	1	1	0	0	1	1	1	0	1	0	1	1	1
1	1	1	0	1	0	1	0	0	0	1	1	0	0	0
0	0	0	0	1	1	1	1	1	0	1	1	0	0	1
1	0	1	1	1	0	0	0	1	1	1	1	0	0	0
1	0	0	1	0	0	1	0	1	1	0	0	0	1	0
1	1	1	1	1	0	0	1	0	0	1	0	0	0	1
1	1	0	0	0	0	1	1	1	1	0	0	0	0	1
$15
1	0	1	0	0	1	1	0	1	0	1	1	1	0	1
0	1	1	0	0	0	0	0	0	0	1	1	1	1	1
0	0	0	1	0	0	1	0	0	0	0	1	0	0	1
0	0	1	1	1	0	1	1	1	0	1	1	0	1	1
1	1	0	0	1	1	1	1	1	1	1	0	1	0	0
0	1	1	1	0	0	0	1	1	0	0	0	0	1	1
1	1	1	1	0	1	0	1	1	1	0	1	0	1	0
1	1	0	0	0	1	0	1	0	0	1	1	1	1	0
1	0	1	1	0	0	0	0	1	0	1	0	1	1	1
0	0	1	0	1	1	0	0	0	0	1	1	0	0	0
0	1	0	1	0	1	0	1	1	0	1	1	0	0	0
0	0	0	0	0	0	0	0	0	0	1	0	0	0	0
0	0	0	1	0	0	1	0	0	0	0	0	1	0	1
0	0	0	0	1	0	0	1	1	1	1	1	0	1	1
0	1	1	0	0	0	1	1	1	1	0	0	1	0	1
$16
0	1	0	1	1	1	0	0	1	0	0	0	1	0	0
1	0	1	1	0	0	1	1	1	0	1	0	1	1	1
0	0	0	1	0	0	0	0	0	1	0	0	1	1	1
0	0	0	1	0	1	0	0	1	1	1	1	1	0	0
0	1	0	0	0	0	0	0	1	0	1	0	1	0	0
1	1	0	1	0	0	0	1	1	0	0	1	1	1	1
0	0	1	0	1	0	0	1	0	0	0	1	0	0	0
1	1	1	0	0	0	1	0	0	1	0	0	1	1	1
0	0	0	1	1	1	1	1	0	1	0	0	1	1	1
0	1	1	1	0	0	1	0	0	0	1	1	0	1	0
0	0	1	0	0	1	0	0	0	1	0	1	0	0	1
0	1	1	1	0	1	1	0	1	0	0	1	1	1	0
1	0	1	0	0	1	0	0	1	0	0	0	1	1	0
0	1	1	1	0	0	1	0	1	0	0	0	1	1	1
0	1	1	0	1	0	1	1	0	1	0	1	0	0	1
$17
0	1	1	0	0	0	0	1	0	1	1	0	1	0	0
1	1	1	1	0	1	1	1	0	0	0	0	0	1	1
0	1	1	1	1	0	1	1	0	1	1	0	0	0	1
0	0	0	1	0	1	0	1	0	0	0	1	1	0	1
1	0	0	0	0	1	1	0	0	1	1	1	0	1	0
0	0	1	0	0	1	0	1	1	1	0	0	1	0	0
0	0	0	0	1	0	1	1	1	0	1	0	0	0	1
1	0	1	0	1	1	1	0	0	0	1	1	0	0	1
0	0	0	0	1	0	0	1	1	0	0	0	0	0	1
1	1	1	1	0	1	0	0	0	1	1	0	1	0	1
1	0	0	1	0	0	0	0	0	0	1	1	0	0	0
1	1	0	0	0	0	1	1	0	1	0	1	1	0	0
0	0	0	1	1	0	1	1	1	0	0	1	0	1	0
0	0	1	0	1	1	1	0	0	0	1	1	1	1	0
0	0	0	1	1	0	1	0	0	1	1	1	1	1	1
$18
0	1	1	1	0	1	0	1	1	0	0	1	1	1	0
0	1	0	0	1	1	1	0	0	0	0	0	0	0	1
0	0	1	1	1	1	1	0	0	0	0	1	1	1	0
0	0	1	1	1	0	1	1	0	1	0	0	1	0	0
1	0	1	1	1	1	0	1	1	1	0	0	1	1	0
1	0	1	1	0	0	1	0	0	0	0	0	0	0	0
0	0	1	1	1	1	1	1	0	1	1	0	0	0	0
0	1	1	0	1	0	1	1	1	0	1	1	0	1	1
0	0	0	0	0	0	1	0	1	0	0	0	0	0	0
1	1	1	1	0	1	1	1	0	1	1	1	1	1	0
0	0	0	0	1	0	0	1	0	1	1	1	0	1	0
0	1	0	0	0	0	0	1	0	0	0	0	1	0	1
0	0	1	0	0	1	0	1	0	0	1	1	1	0	0
1	0	0	0	1	0	0	1	1	1	1	1	1	0	0
0	0	0	1	0	1	0	0	1	0	0	1	1	0	0
$19
1	0	0	1	1	1	0	0	0	1	1	0	1	0	0
0	1	1	1	1	1	0	0	0	0	1	1	0	0	1
0	1	0	0	1	1	0	0	0	1	0	1	1	0	1
1	1	1	0	1	0	1	1	0	1	0	1	0	1	0
0	0	1	0	0	0	1	0	1	1	0	0	0	0	1
1	1	0	0	0	0	1	0	0	1	0	1	1	0	0
0	1	1	0	1	0	0	1	1	0	0	0	1	1	0
1	0	1	0	0	0	1	0	0	0	0	0	0	0	0
0	0	1	1	0	1	0	1	0	1	1	0	0	0	0
1	0	1	0	0	0	1	0	0	1	1	0	1	0	1
0	1	0	1	1	0	1	1	1	0	1	0	1	0	1
1	1	0	1	0	1	0	1	1	1	0	0	1	0	0
1	0	1	1	0	0	1	0	1	0	0	1	1	1	1
1	1	1	0	0	0	1	0	1	1	0	0	1	1	1
0	1	0	0	0	0	0	1	0	0	1	0	0	0	1
$20
1	0	1	1	0	1	1	0	1	0	0	0	1	0	0
1	1	1	0	1	0	0	1	1	0	1	0	0	0	1
0	0	1	1	0	1	0	1	0	0	0	1	1	0	1
0	0	1	1	1	0	0	1	1	1	1	1	1	0	0
0	1	0	0	0	0	0	1	0	0	0	0	1	1	1
0	1	1	1	0	1	1	0	1	0	1	0	1	1	0
0	1	0	0	0	0	1	0	1	0	0	0	1	1	0
1	0	1	0	1	0	1	1	1	1	1	0	0	0	1
0	0	0	0	0	0	1	0	0	0	1	0	0	0	0
0	0	1	1	1	1	1	1	0	1	1	1	0	0	0
1	0	0	1	0	1	1	0	0	1	1	1	0	0	1
0	0	0	1	0	1	1	0	0	1	0	1	1	1	0
1	0	1	1	0	0	0	1	0	1	0	1	0	0	0
0	0	0	1	1	0	1	1	0	0	0	1	0	0	1
0	0	0	1	1	0	0	1	0	0	1	0	1	0	1
$21
0	1	0	0	1	1	0	1	0	0	1	0	0	1	0
0	0	0	0	0	0	1	1	1	0	0	0	0	1	0
1	0	1	1	1	1	0	0	0	0	0	0	0	0	1
0	1	1	1	1	0	1	1	0	0	0	1	1	1	1
1	0	0	1	0	1	0	1	0	0	1	0	0	1	1
0	0	1	1	1	1	1	0	0	1	0	1	1	0	0
0	0	1	1	0	1	0	1	0	0	0	1	1	0	0
0	0	0	0	0	0	0	0	0	1	1	0	1	1	0
1	1	1	0	1	0	0	1	1	1	0	0	0	0	1
1	1	0	0	0	0	1	1	0	1	0	0	0	0	1
0	0	0	1	1	1	0	1	1	0	0	1	0	0	0
1	0	0	0	0	0	1	0	0	1	1	1	1	0	0
1	0	0	0	0	0	1	0	1	1	0	1	1	1	1
1	1	0	0	0	0	1	1	1	1	1	0	0	1	0
1	1	0	1	1	1	1	0	0	0	1	1	1	0	1
$22
1	0	0	1	1	0	1	0	1	1	1	1	1	1	1
0	0	1	0	0	1	1	0	0	1	0	1	1	0	0
1	0	0	0	0	1	0	1	0	0	1	0	0	0	1
1	0	0	1	0	0	1	0	1	1	0	0	0	1	1
1	0	0	0	1	1	0	0	0	1	0	1	0	1	0
0	0	1	0	0	0	1	1	1	0	0	0	0	1	0
0	0	1	0	1	1	0	0	1	1	0	0	1	0	1
1	0	0	0	1	0	1	1	0	1	1	1	1	1	1
0	1	1	0	0	0	1	0	1	0	1	1	0	1	1
1	0	0	1	1	1	0	0	1	1	0	1	1	1	0
1	1	0	0	1	0	1	0	0	0	0	0	0	0	0
0	1	0	0	0	0	1	0	0	1	0	0	1	0	0
1	1	0	1	0	1	0	0	0	0	0	1	0	1	1
0	0	1	1	0	0	1	0	0	1	1	1	0	0	0
1	1	0	0	1	0	0	1	0	1	0	0	1	0	1
$23
1	0	0	1	0	1	0	1	1	1	1	0	0	0	1
1	0	0	1	1	1	0	1	0	0	1	1	0	1	1
1	0	1	1	0	0	1	1	0	1	0	0	1	1	0
0	0	0	1	1	0	1	0	0	0	0	0	0	0	0
0	0	0	1	0	1	0	1	0	1	0	1	1	0	0
0	0	0	1	0	0	0	0	1	0	0	0	1	0	1
0	0	0	1	1	1	1	0	0	0	1	0	1	1	1
1	0	1	0	0	0	0	1	0	0	0	1	0	0	1
1	0	1	0	1	1	0	0	0	0	0	1	0	0	0
0	0	0	0	0	1	0	0	1	0	0	1	1	1	1
1	0	1	0	0	1	1	1	0	0	0	1	1	0	0
0	0	1	0	1	1	1	1	1	0	0	1	1	0	1
1	1	0	0	1	0	0	0	0	0	1	1	0	1	1
1	1	1	1	0	1	1	0	1	1	1	0	1	0	0
0	1	1	0	0	1	1	0	1	1	0	0	1	0	0
$24
1	0	0	1	1	0	0	1	1	1	1	0	1	0	0
1	0	0	0	1	1	0	1	1	0	1	0	0	1	1
1	0	0	1	0	0	0	1	1	0	1	1	0	0	0
0	1	1	1	1	1	0	0	1	1	1	1	0	0	0
0	0	0	0	0	0	1	0	0	0	1	0	0	1	1
0	0	1	1	0	0	1	0	1	1	1	0	0	0	0
1	0	1	1	1	0	1	1	1	0	1	0	0	1	1
1	0	0	1	0	1	1	0	0	1	0	0	0	0	0
0	1	0	1	0	0	1	1	1	1	1	1	1	1	1
1	0	0	0	1	1	0	0	0	1	0	0	1	1	0
1	0	1	0	0	0	0	0	0	1	1	0	0	0	0
0	0	0	1	0	0	0	1	1	0	1	0	0	1	0
0	0	0	0	1	0	0	1	0	1	1	0	0	1	0
0	0	1	1	1	0	0	1	1	1	0	1	0	1	0
1	0	1	1	0	1	0	1	1	0	1	0	0	0	0
$25
1	0	0	1	1	0	1	1	1	0	0	1	0	1	0
1	1	0	0	0	0	0	1	0	1	1	0	1	0	1
0	0	1	1	1	0	0	1	1	0	0	1	0	1	0
0	0	1	1	0	1	1	1	0	1	0	0	1	0	1
0	1	1	0	1	0	1	1	1	1	0	0	1	1	1
0	1	1	0	1	0	0	1	0	1	0	1	0	0	0
1	1	1	0	0	1	0	0	0	0	1	1	0	0	0
0	1	1	1	1	1	1	0	0	1	0	1	0	0	1
0	0	0	0	0	1	0	1	0	0	1	0	0	0	1
0	0	0	1	1	1	0	0	0	0	0	1	0	0	0
0	0	0	1	0	0	1	0	0	1	0	0	1	1	0
1	1	0	0	0	0	0	0	0	0	1	0	0	1	0
1	0	0	0	1	0	0	0	1	0	0	1	1	0	1
0	0	1	1	1	0	1	1	0	0	0	0	0	0	1
1	1	0	1	1	1	1	0	1	0	1	1	0	1	1
$26
0	0	1	1	0	1	0	1	0	0	1	0	0	1	1
0	0	0	1	0	0	0	1	1	0	1	0	1	1	0
1	1	0	1	1	0	0	0	0	1	1	0	1	0	0
1	1	0	0	1	0	0	0	1	0	0	1	0	1	1
1	1	1	1	1	0	1	0	1	1	0	1	0	0	0
1	1	0	0	0	1	1	0	0	0	1	1	1	0	0
0	0	1	0	0	1	0	0	1	0	1	1	1	0	0
0	1	0	1	0	1	0	0	0	0	0	1	1	1	1
1	1	0	1	0	0	1	1	0	0	0	0	1	0	1
0	0	0	0	1	0	1	1	0	1	0	0	1	0	0
0	0	1	1	1	0	1	0	1	1	0	0	0	0	1
0	0	0	0	0	1	0	0	0	0	1	1	0	0	1
0	0	1	1	1	1	0	1	0	0	1	1	0	0	1
1	1	0	1	0	0	0	0	1	0	1	1	1	1	0
0	0	0	1	1	0	0	0	0	0	1	1	1	0	1
$27
0	0	0	0	0	1	1	0	0	1	1	0	0	0	1
0	1	1	0	1	0	1	0	0	0	0	0	1	0	0
1	0	1	0	1	1	1	0	1	0	0	1	0	0	0
0	1	1	0	1	1	0	0	0	0	1	0	1	0	1
0	0	1	0	0	0	1	0	0	1	1	0	0	0	0
1	1	1	0	1	0	1	1	1	1	0	1	1	0	0
0	0	1	1	1	0	1	1	0	1	0	1	0	1	1
0	1	1	1	1	0	0	1	1	1	0	0	1	1	1
0	0	1	1	0	0	1	0	0	1	1	0	0	0	0
1	0	0	0	0	0	0	1	0	1	0	0	0	0	1
1	1	1	0	0	1	1	0	0	0	0	0	0	1	0
0	1	1	1	1	0	0	1	0	0	0	0	1	0	1
1	0	1	0	0	1	1	1	1	0	0	0	0	0	0
1	0	0	0	1	0	0	0	1	0	0	0	1	1	1
1	1	0	0	1	1	0	0	1	1	0	1	1	0	1
$28
0	0	0	0	0	0	1	0	0	0	0	1	0	0	1
1	1	0	0	1	1	1	1	1	1	0	0	0	1	0
1	0	1	0	1	0	0	0	0	1	1	1	0	1	1
1	0	1	1	0	1	0	0	0	0	1	1	0	0	0
1	0	0	0	0	0	1	0	1	0	1	1	0	1	0
1	0	1	0	0	0	0	1	0	1	0	1	0	1	0
1	1	1	0	0	1	1	0	1	0	0	0	0	1	1
0	0	0	1	0	0	1	0	0	1	1	0	1	1	0
1	0	1	1	1	0	0	1	1	1	1	1	1	1	0
0	1	0	0	0	1	0	1	0	1	1	1	0	0	1
0	1	1	0	1	0	1	0	0	1	0	1	0	0	1
0	1	0	0	0	1	0	0	0	0	1	0	1	1	0
0	1	0	0	1	1	1	0	0	0	1	0	0	0	0
0	0	0	1	0	0	0	1	1	0	0	1	0	0	1
1	1	1	0	1	1	0	1	0	1	0	0	0	0	1
$29
1	1	1	1	1	1	1	1	0	1	0	1	1	0	0
1	0	0	0	1	0	0	1	0	0	1	1	0	1	0
1	1	0	1	1	1	0	0	0	0	1	0	0	0	1
0	0	0	1	1	0	1	1	0	0	0	0	0	1	0
1	0	0	0	1	0	0	1	0	0	0	0	1	0	0
1	0	0	1	0	0	1	0	0	1	0	0	0	0	1
0	1	1	1	1	0	0	1	0	0	0	1	0	1	0
0	0	1	0	1	1	1	0	1	0	1	0	0	1	1
0	0	1	1	1	0	0	1	0	1	1	0	1	0	0
0	0	0	0	0	0	0	0	1	1	1	0	1	0	0
0	0	0	0	0	0	0	1	0	1	1	0	1	0	0
1	0	0	0	0	1	0	0	1	0	1	1	0	0	1
0	1	0	1	1	0	1	1	1	0	0	1	0	1	0
0	1	0	1	1	0	0	0	0	1	1	1	1	1	1
1	1	1	0	0	0	0	0	0	1	0	1	1	1	1
$30
1	0	1	1	0	1	1	0	1	0	0	0	0	1	0
0	1	0	0	1	0	1	0	1	0	0	1	1	1	1
1	0	1	0	1	1	0	0	0	0	1	0	1	1	1
0	1	0	1	0	1	1	0	1	0	0	1	0	1	0
0	0	0	1	1	1	0	0	1	0	1	1	0	0	0
0	0	0	0	1	0	0	1	1	0	0	0	0	1	0
1	1	0	0	1	1	0	1	0	0	0	1	0	1	1
0	0	1	0	0	0	1	0	0	0	0	1	0	1	0
1	1	1	1	1	1	0	0	0	0	0	1	1	1	0
0	0	0	0	1	1	0	1	0	1	0	1	0	1	1
0	0	1	1	1	0	0	0	0	1	1	0	0	0	1
1	0	0	0	0	1	0	1	0	1	0	1	1	0	1
0	0	0	1	0	0	1	0	0	1	1	0	1	0	0
1	1	0	0	0	1	0	0	1	0	0	0	0	0	1
1	1	0	0	1	1	0	0	1	0	0	1	0	1	1
$31
0	0	1	0	1	0	0	1	1	0	0	0	1	1	1
1	1	1	0	1	1	0	0	1	1	1	0	0	1	0
0	0	1	1	1	0	1	0	0	1	0	0	1	0	1
1	0	0	1	1	0	1	0	0	0	0	1	0	0	0
0	1	1	0	0	0	0	1	0	1	0	1	1	0	1
1	0	1	0	1	1	1	1	0	1	0	0	1	0	1
1	0	1	1	0	0	0	0	0	1	1	0	1	1	1
0	0	0	0	0	0	0	1	0	0	0	1	0	0	1
0	0	1	0	0	1	0	1	0	0	0	0	1	0	1
1	0	0	0	0	0	0	1	0	1	0	1	0	1	0
0	0	1	1	1	1	0	1	0	0	0	1	1	0	1
0	0	0	0	0	0	0	0	0	1	1	0	1	1	1
0	1	0	1	1	1	0	0	0	0	1	0	0	0	1
1	0	0	1	0	1	0	1	0	0	1	1	0	1	0
0	0	0	1	0	0	1	1	0	0	1	1	1	0	1
$32
1	0	0	1	1	0	1	1	1	0	1	1	0	0	1
1	0	1	0	0	1	0	1	0	0	0	0	1	0	0
0	0	1	1	1	0	1	1	0	0	1	1	1	1	1
0	0	0	1	0	0	1	0	0	1	1	0	0	0	0
1	1	0	1	1	0	0	1	0	0	0	0	0	0	1
1	1	1	0	1	1	0	0	1	0	1	0	0	0	0
1	0	1	1	1	1	0	0	1	0	0	0	0	1	1
0	1	0	1	1	0	1	1	1	1	0	1	0	1	0
1	1	0	0	0	1	0	0	1	0	1	0	1	1	1
1	1	0	1	0	0	0	1	1	0	0	1	1	0	1
0	1	0	1	1	0	0	1	1	1	0	1	0	0	0
0	0	0	1	1	0	0	0	0	0	0	1	0	0	0
1	0	0	1	0	0	0	1	0	0	0	0	0	0	0
1	0	1	0	0	0	0	0	1	0	0	1	1	0	1
1	0	0	0	0	0	0	1	1	0	0	0	1	0	1
$33
0	0	1	1	1	0	0	1	0	0	0	0	1	1	0
0	1	1	1	0	1	1	1	0	1	0	1	1	0	1
1	0	1	0	1	1	0	1	1	0	1	1	0	1	0
1	0	1	1	0	0	0	0	1	0	1	0	0	1	0
1	1	1	0	1	1	1	0	1	0	0	1	0	0	0
0	0	1	0	1	0	0	0	0	0	0	1	0	0	0
0	0	1	1	1	1	1	0	0	1	1	1	1	0	1
1	0	0	0	1	0	0	0	1	0	1	0	0	0	0
1	1	0	0	0	0	0	1	0	1	0	1	0	1	1
0	1	0	0	0	1	0	0	1	0	0	1	1	0	0
0	0	0	1	1	1	1	0	0	1	0	0	1	1	0
1	0	1	1	1	1	0	1	0	0	0	0	0	0	1
0	1	0	0	0	0	1	0	0	0	1	0	0	0	0
0	0	1	1	1	0	1	0	1	0	0	0	0	0	1
1	0	0	0	1	0	0	1	1	0	0	0	0	1	1
$34
0	0	0	0	1	0	0	1	1	1	1	0	1	1	0
1	0	0	0	1	0	1	0	0	1	0	0	0	1	0
1	0	1	1	0	1	1	0	1	0	0	0	0	0	1
1	0	0	1	1	0	0	0	1	0	0	0	1	1	0
0	0	0	0	0	0	0	0	1	0	1	1	0	1	1
1	0	0	0	0	1	0	1	1	0	1	0	1	1	0
1	1	1	1	1	1	0	1	1	1	1	1	1	1	0
0	0	1	0	0	1	0	1	1	0	0	0	0	1	1
1	0	0	0	0	0	1	0	0	0	1	1	0	1	1
0	0	0	0	0	0	1	1	1	1	0	0	1	0	0
0	1	0	0	0	1	1	0	0	0	0	1	0	0	0
1	0	0	0	1	0	1	1	0	0	1	0	0	1	1
0	0	0	0	0	1	0	0	1	0	0	1	1	1	1
1	0	1	0	1	0	0	1	1	1	1	0	1	0	0
0	1	1	0	0	0	0	0	1	0	0	1	0	1	0
$35
1	0	0	0	0	1	0	0	1	1	0	1	1	0	0
1	1	0	0	0	0	1	0	0	0	0	1	1	1	0
0	1	0	0	1	1	0	1	1	1	1	1	0	0	1
1	0	1	0	1	0	0	0	1	0	0	0	1	1	0
0	1	0	1	0	1	1	0	0	0	1	1	1	1	0
1	0	1	0	1	0	0	1	0	0	0	1	1	0	0
0	0	1	0	0	0	1	1	0	1	1	1	0	0	0
0	0	1	1	0	0	0	0	1	1	0	0	1	0	1
0	0	0	0	1	0	0	1	0	0	1	1	1	0	0
1	0	0	1	0	0	1	1	0	1	0	1	1	1	0
0	0	1	0	0	1	1	0	0	0	0	1	1	1	0
0	1	1	0	0	0	0	0	0	1	1	1	0	0	1
1	1	0	0	0	1	1	0	0	1	0	0	0	0	0
1	0	0	0	0	0	1	0	1	0	0	0	0	0	1
1	1	0	0	1	1	0	0	1	1	1	1	0	1	1
$36
0	0	0	0	0	1	0	1	0	1	1	1	0	0	0
1	0	0	1	1	1	1	1	0	0	1	0	1	0	1
1	1	0	0	0	0	1	0	0	0	1	0	0	1	0
0	1	0	0	0	1	0	0	0	0	1	1	1	1	0
1	0	0	0	0	0	0	0	1	0	1	0	0	1	0
0	0	1	0	0	1	1	0	1	0	1	0	0	0	1
0	1	0	0	0	1	1	1	1	0	1	1	1	1	0
0	0	0	1	1	1	0	1	1	1	1	0	1	0	1
0	1	0	1	0	1	0	0	0	0	1	1	1	1	0
0	1	0	0	1	0	0	0	0	1	1	1	0	0	0
0	0	1	0	0	1	1	1	1	1	0	1	1	0	1
0	0	0	0	1	1	1	0	0	0	0	0	1	0	0
0	0	1	1	0	1	1	0	1	0	0	0	1	0	1
0	1	1	0	1	0	0	0	1	1	1	0	0	0	0
1	0	0	1	0	0	0	1	0	0	0	1	0	0	1
$37
0	0	0	0	1	0	0	0	0	0	0	0	1	1	1
0	1	0	0	0	1	0	1	1	1	0	0	0	1	1
1	0	1	1	0	1	1	1	0	1	0	1	0	1	1
0	0	0	1	0	0	1	0	0	1	1	1	1	0	0
0	1	0	1	1	0	0	0	0	0	0	1	0	0	0
0	1	0	0	1	1	1	1	1	1	1	0	0	1	0
0	0	1	0	1	1	0	1	1	0	0	0	0	0	0
0	1	0	1	1	0	0	0	0	0	0	0	1	0	1
0	1	1	1	0	0	0	0	0	0	0	0	0	0	0
1	0	0	0	1	0	1	0	0	0	0	0	1	1	0
1	0	0	0	0	1	0	1	0	0	1	1	1	0	1
1	0	1	1	1	1	0	1	0	1	1	1	0	1	0
1	1	1	0	0	0	0	0	1	0	1	0	1	0	1
0	1	1	1	0	1	0	0	0	1	0	0	1	1	0
0	1	1	0	0	1	1	0	0	1	1	0	0	0	1
$38
0	1	1	1	0	1	1	0	1	0	0	1	0	0	1
1	0	1	0	0	1	0	1	0	0	0	0	0	0	0
1	0	0	1	0	1	1	0	1	0	0	0	1	1	1
1	1	0	0	1	0	1	0	1	1	1	1	1	0	1
0	0	0	1	1	0	1	0	0	1	0	1	0	1	0
0	0	1	0	0	0	0	1	0	1	0	1	0	1	1
0	1	1	1	0	1	0	1	0	1	0	0	1	0	0
0	0	0	1	0	0	0	0	1	0	0	0	1	0	0
1	1	1	0	1	1	0	1	1	1	0	0	0	1	0
0	0	0	0	0	1	0	0	0	0	0	0	1	0	0
0	1	0	0	1	0	1	0	0	1	1	1	0	0	1
0	0	1	0	1	0	0	0	0	0	0	0	0	0	1
0	1	1	1	1	1	0	1	1	1	1	0	0	0	0
0	0	0	1	0	1	0	0	0	0	0	1	1	1	1
1	1	1	0	1	0	0	0	1	0	1	0	1	0	0
$39
0	0	0	0	1	0	0	1	1	1	0	0	1	0	0
0	0	0	1	1	1	0	0	1	0	1	0	1	1	0
0	0	1	1	0	1	0	0	0	0	1	0	1	0	1
0	1	0	0	0	1	0	1	0	0	0	0	0	0	1
1	0	0	1	1	0	1	0	0	1	1	1	1	1	0
1	1	0	1	0	1	0	1	0	0	1	1	1	1	0
0	0	1	0	0	0	0	0	1	0	0	1	1	0	0
1	1	0	0	0	1	1	1	0	0	0	1	1	0	0
1	0	0	1	0	0	1	0	0	1	0	1	0	1	0
0	0	1	0	0	0	1	1	0	0	1	0	0	1	0
1	0	1	1	0	1	1	1	0	1	1	1	0	0	1
1	1	0	0	1	0	0	0	0	1	0	0	0	0	0
0	0	1	0	0	1	1	1	0	1	1	0	1	1	0
1	1	1	1	0	0	0	1	0	0	0	1	0	0	0
1	0	0	0	0	1	1	0	1	1	0	0	0	0	0
$40
1	0	0	0	0	0	1	0	1	0	0	0	0	1	0
0	1	0	1	1	0	1	1	1	1	0	1	0	0	1
0	0	0	0	1	0	1	1	1	0	1	1	0	0	0
1	1	0	1	0	0	1	0	0	0	1	1	1	0	0
0	0	0	0	0	0	1	0	0	1	1	1	0	0	1
0	1	0	1	1	1	1	1	0	0	0	1	1	0	1
1	0	0	0	1	0	0	0	0	1	0	1	1	1	1
1	1	1	0	0	0	0	0	0	0	0	1	1	0	1
0	1	0	1	1	0	1	1	0	0	0	1	1	0	0
0	1	0	0	0	1	1	0	0	0	0	0	1	1	0
1	0	1	1	0	0	0	1	1	0	0	0	1	0	0
0	0	1	1	0	1	0	1	0	1	1	0	0	1	1
1	0	0	1	1	0	0	1	0	0	0	0	1	0	0
0	0	0	1	0	0	0	0	0	0	0	0	1	1	1
0	1	0	1	0	0	1	0	0	1	1	0	1	0	0
$41
0	1	1	0	1	1	0	0	0	0	1	0	0	1	0
1	1	1	0	0	1	1	0	1	0	1	1	1	0	0
0	0	1	1	1	0	0	0	1	0	0	1	1	1	1
1	0	1	1	0	0	0	0	0	0	1	1	1	1	0
1	0	1	1	0	1	0	0	0	1	1	0	0	0	0
1	1	0	0	1	0	0	1	1	0	0	1	0	1	1
0	0	0	0	0	1	0	0	1	0	0	1	1	0	1
0	0	0	1	0	0	0	0	0	1	1	1	1	0	0
0	1	1	1	1	0	0	0	0	0	0	1	0	1	0
0	1	0	0	0	1	1	0	0	1	1	0	1	1	0
1	1	0	0	0	1	0	0	0	1	0	1	0	0	0
0	0	0	1	1	0	0	0	1	1	1	0	0	1	1
0	0	1	0	1	0	1	0	1	1	0	0	0	0	0
0	0	0	0	0	1	1	1	0	0	0	0	0	0	0
0	1	1	1	0	0	1	1	1	1	0	0	0	0	0
$42
0	0	0	0	0	0	0	0	0	1	1	0	1	1	0
1	0	1	1	1	0	0	1	0	0	1	0	0	0	1
0	0	1	1	1	1	0	0	0	0	0	0	1	1	0
0	1	0	1	0	1	0	1	1	0	0	0	0	1	1
1	1	1	1	0	1	0	1	1	0	1	0	0	0	0
0	0	1	0	1	1	0	0	0	1	0	0	0	1	1
1	1	0	0	0	0	1	0	0	0	1	1	0	1	0
0	1	0	1	1	0	0	1	1	0	0	0	0	1	1
0	1	0	0	0	0	0	0	0	0	1	1	1	1	1
0	0	0	0	0	0	0	0	0	1	0	0	0	1	1
1	1	0	0	0	0	1	0	1	1	0	0	1	1	0
0	0	0	1	0	0	0	0	0	0	0	1	1	1	0
1	0	1	0	0	0	1	1	1	0	0	0	1	1	0
0	0	0	1	0	0	1	1	1	1	0	0	1	0	0
1	1	1	0	1	0	1	0	0	1	0	1	1	0	1
$43
0	1	0	0	0	0	1	1	0	1	1	0	0	1	0
0	0	1	0	1	0	1	1	0	1	1	0	1	1	1
0	0	0	0	0	0	1	1	1	1	0	0	0	1	1
0	0	1	0	0	0	0	1	0	1	0	0	0	0	0
0	0	0	0	1	1	0	0	0	0	1	1	1	1	0
0	0	0	0	1	0	0	1	0	0	0	0	1	1	1
1	1	1	1	1	0	1	1	0	0	0	0	1	1	0
0	1	1	0	1	1	1	0	0	1	0	0	1	0	0
0	1	1	0	0	0	0	0	0	1	0	0	0	1	1
0	1	0	0	0	0	0	0	1	0	0	0	1	1	0
0	1	0	0	0	1	1	0	1	1	1	0	1	1	0
0	0	0	1	1	0	1	1	1	1	1	0	0	1	0
0	0	0	1	0	0	0	1	0	1	1	0	1	0	0
0	1	1	0	1	0	0	1	1	0	1	0	0	1	0
0	0	0	0	0	0	1	0	1	0	0	0	1	1	1
$44
1	1	1	0	0	1	1	0	0	1	0	0	1	0	0
0	0	0	1	0	0	1	0	1	0	1	1	0	0	0
1	0	1	1	1	1	1	0	1	1	0	1	1	0	0
1	1	0	1	0	0	1	0	1	1	1	0	0	1	1
0	0	0	0	0	0	0	1	0	0	1	0	0	0	0
0	0	0	1	0	0	0	0	0	0	1	1	1	0	1
1	0	0	0	1	1	0	1	1	0	0	0	1	0	0
0	1	1	1	0	1	0	0	1	1	0	0	1	1	1
1	0	0	1	0	0	0	0	0	0	0	0	0	0	1
1	0	1	1	0	0	1	0	0	0	0	0	0	1	1
0	0	1	1	1	0	0	0	0	0	1	0	0	0	0
1	0	1	0	1	1	0	1	1	0	0	0	0	0	0
1	1	0	1	0	0	0	1	1	0	0	0	1	0	0
1	1	1	0	0	1	1	0	1	1	0	0	0	1	0
1	1	1	0	0	1	0	0	0	1	0	0	0	0	1
$45
1	1	0	0	0	1	0	0	0	1	0	0	1	0	0
1	0	0	0	0	0	1	1	0	1	0	1	1	0	0
0	1	0	1	0	1	1	1	1	0	1	0	0	0	1
1	0	0	0	1	1	1	0	1	1	0	1	0	1	0
1	0	1	0	0	0	0	1	0	0	0	1	0	0	0
0	1	1	0	0	1	0	0	1	0	1	1	1	1	1
0	0	1	1	1	0	0	0	1	0	0	0	0	1	1
0	1	1	0	1	0	1	0	1	0	0	0	1	0	0
0	0	0	0	0	0	1	0	1	0	0	0	0	0	0
0	0	0	0	0	0	0	0	1	0	1	0	1	1	0
0	0	0	0	1	0	0	1	0	0	0	0	1	1	0
0	1	1	1	0	1	0	0	1	0	1	1	1	0	0
0	0	1	0	0	0	1	1	1	0	1	1	0	0	1
0	0	1	1	0	0	1	1	0	1	1	1	0	0	1
1	0	1	0	1	1	0	1	1	0	0	1	0	0	0
$46
0	1	0	0	0	1	0	1	1	0	1	0	0	0	0
0	1	0	1	0	0	0	1	0	0	1	0	0	1	0
0	0	0	1	0	1	0	1	0	1	0	0	0	1	0
0	0	0	0	1	1	1	0	0	0	1	1	1	0	0
1	0	0	0	0	1	0	0	0	1	1	1	1	0	1
0	0	0	1	0	0	1	1	0	1	0	1	0	1	1
1	0	0	0	0	0	1	1	0	1	0	1	1	0	0
0	0	0	0	1	1	0	0	0	0	0	0	1	1	0
1	0	1	0	1	0	1	0	0	1	0	0	1	0	0
0	0	1	1	0	1	0	0	0	1	0	1	1	0	0
1	1	1	0	1	0	0	0	0	0	1	1	1	1	1
1	0	1	0	0	1	1	0	1	1	0	1	0	1	0
1	0	0	0	1	0	1	0	0	0	1	0	1	0	0
1	1	1	1	0	0	1	1	1	1	0	0	1	0	0
0	1	0	0	0	1	0	0	0	0	1	0	0	1	0
$47
0	0	0	0	0	1	0	1	1	0	1	1	1	0	0
0	1	0	1	0	0	1	0	0	1	0	0	1	0	0
1	0	0	0	0	1	0	0	0	0	0	0	1	1	1
1	0	0	0	0	0	1	1	0	0	0	0	0	0	1
1	1	0	0	0	0	1	0	0	1	0	0	1	1	1
0	1	1	1	1	0	0	0	0	0	0	1	0	1	0
0	1	1	1	1	1	0	0	1	0	1	0	0	0	0
0	0	1	1	0	0	0	1	1	0	0	1	0	1	0
1	1	0	1	0	1	1	0	1	0	1	1	0	1	1
1	1	0	0	1	1	0	1	0	1	0	1	0	1	1
0	0	1	0	0	0	0	0	0	1	1	0	0	1	1
1	1	0	1	0	1	0	0	0	0	1	0	1	1	1
0	0	0	0	0	1	1	1	0	0	0	1	0	0	0
1	1	0	0	0	0	0	0	0	0	0	0	0	1	0
0	0	0	1	1	1	0	0	0	0	0	1	1	0	1
$48
1	0	0	0	1	1	0	0	0	0	1	1	0	1	0
0	1	0	0	0	0	0	0	1	1	1	0	0	0	1
0	0	1	0	0	1	1	0	1	1	0	0	0	0	0
0	0	0	1	0	0	0	0	1	0	0	1	1	0	1
1	0	0	0	0	0	0	1	0	1	0	1	1	0	0
0	1	1	1	0	1	1	1	1	0	0	1	0	1	0
1	1	0	0	1	1	1	1	0	0	1	0	0	1	1
0	0	1	1	0	0	0	0	1	0	0	1	0	0	1
0	0	1	0	1	1	0	0	1	0	1	1	1	0	0
0	0	1	0	0	0	0	0	0	1	1	1	0	1	1
0	1	0	0	0	0	0	0	1	1	0	0	1	1	0
0	1	0	0	1	1	0	1	0	0	1	0	0	1	0
1	0	0	1	1	1	0	1	1	0	0	0	0	0	0
0	0	1	0	0	1	0	0	0	0	0	0	0	1	1
0	1	0	0	1	1	1	0	0	1	0	1	1	0	1
$49
0	1	0	0	1	1	0	1	0	1	0	0	1	0	0
0	1	1	0	0	0	1	0	1	0	1	1	0	0	0
0	1	1	0	0	0	1	1	0	1	0	1	1	1	0
1	0	1	0	0	0	0	1	1	0	0	0	0	1	1
0	1	0	1	1	0	0	0	0	1	0	0	0	1	1
1	0	0	1	0	0	1	1	1	0	0	1	0	0	0
0	0	1	0	1	0	0	0	0	1	0	0	0	0	0
1	0	0	1	0	1	1	0	0	0	1	1	0	1	0
1	1	0	1	0	1	1	0	0	1	0	1	0	0	0
0	1	0	0	1	0	0	1	0	0	1	0	1	0	0
1	0	0	1	1	0	1	1	1	1	0	1	0	0	0
0	1	0	1	1	0	1	1	1	1	0	1	0	0	0
0	1	0	1	0	0	0	1	0	1	0	0	0	0	1
1	1	0	0	0	0	1	0	1	0	0	0	0	0	0
0	1	0	1	0	0	0	0	0	0	0	0	1	1	1
$50
0	0	0	1	1	1	0	1	1	0	1	1	0	0	0
0	1	1	0	1	1	0	1	0	1	0	0	1	0	0
0	0	1	0	1	0	0	0	0	0	0	0	0	0	0
0	1	1	0	1	1	0	0	0	1	0	0	1	0	0
0	0	0	1	0	1	1	0	0	0	1	0	0	0	0
0	0	0	1	0	1	1	0	1	0	1	0	1	0	1
1	0	0	1	1	1	0	0	0	0	0	1	1	1	0
0	0	1	1	1	0	1	0	0	1	0	1	1	0	0
0	0	0	1	0	0	1	0	0	0	1	0	1	0	0
1	0	1	0	0	1	1	0	1	0	0	0	0	1	0
0	1	0	1	0	0	0	1	1	1	0	0	1	1	0
0	1	0	0	0	0	0	1	1	0	1	1	1	1	1
1	0	0	0	0	1	0	0	0	1	1	0	0	0	0
0	1	0	1	0	0	0	0	0	0	1	1	1	1	1
0	1	0	1	1	0	1	0	1	0	0	1	0	1	0
$51
0	0	1	1	1	0	0	1	1	0	0	1	0	0	1
0	1	0	0	0	1	1	1	0	1	0	1	0	0	0
1	0	1	0	1	0	0	0	0	0	1	0	0	0	0
0	1	0	0	1	1	1	0	1	0	0	0	1	1	0
1	0	0	1	0	1	0	0	0	1	0	0	0	0	0
0	0	0	0	0	0	1	1	1	0	1	1	0	0	1
0	0	1	1	1	0	0	1	0	0	0	1	1	1	1
0	1	1	0	0	0	0	0	1	1	1	1	0	1	0
0	1	0	1	0	1	0	0	0	0	0	1	0	1	0
1	0	1	0	0	1	0	0	0	0	0	0	0	0	0
0	0	0	0	0	1	0	1	0	0	0	0	1	1	1
0	0	0	1	0	0	0	0	0	0	0	1	1	0	0
0	1	1	0	1	1	1	0	1	1	1	1	1	0	1
1	0	0	0	1	0	1	0	0	0	1	1	0	0	1
0	1	0	0	0	1	1	1	1	0	0	0	1	1	0
$52
1	1	1	1	0	1	0	0	0	0	1	0	0	1	0
0	0	0	0	0	0	0	0	0	0	0	1	0	1	0
1	0	0	1	1	0	0	1	0	1	1	0	0	0	0
0	1	1	0	0	0	0	0	1	0	0	0	0	1	0
1	0	0	0	1	0	0	1	0	0	1	1	0	0	1
0	1	0	1	0	1	0	0	0	0	0	1	0	0	1
0	1	0	0	1	1	0	0	0	0	1	1	0	0	0
0	1	0	0	1	0	1	0	1	1	1	0	0	0	0
1	0	0	0	1	0	0	0	1	1	0	0	1	1	1
0	1	0	0	0	1	1	0	0	0	1	1	0	1	0
0	1	1	1	1	0	0	1	0	1	0	0	0	0	0
0	0	1	0	0	1	1	1	0	1	1	0	1	0	1
1	1	1	1	1	0	1	1	0	0	0	1	0	0	1
1	0	0	0	0	0	1	1	1	0	0	1	0	0	1
1	1	1	0	0	0	0	0	0	1	0	0	1	1	0
$53
0	0	0	0	0	0	0	1	0	1	1	0	0	0	0
0	0	0	0	0	1	0	1	0	0	1	1	1	0	1
0	1	1	0	1	0	0	1	1	1	0	1	0	0	1
1	1	0	0	0	1	1	1	0	0	1	0	1	0	0
0	0	1	0	1	0	0	0	1	0	0	0	1	1	0
0	1	0	1	0	0	1	0	0	0	0	1	0	0	1
1	0	1	1	1	0	1	0	1	0	0	0	0	0	0
0	0	1	0	0	0	0	1	1	0	1	0	0	1	1
0	0	0	0	0	0	0	0	0	0	0	1	0	0	0
1	1	1	0	1	0	1	0	0	0	1	0	1	1	0
1	0	0	0	1	0	0	0	0	1	1	0	0	0	0
1	1	0	1	0	0	1	0	1	0	1	0	0	0	1
1	0	0	0	0	0	0	0	1	1	1	1	0	0	0
1	1	0	1	1	1	0	1	1	0	1	1	1	0	0
1	1	0	1	0	1	0	0	0	0	0	1	1	0	1
$54
1	1	0	0	0	1	0	0	0	0	0	1	1	0	1
0	0	1	0	1	0	1	1	0	0	0	1	1	0	1
0	0	0	0	1	0	1	0	1	0	0	1	1	0	1
1	0	0	1	0	1	1	0	1	1	1	0	0	0	0
1	0	0	1	0	1	0	0	0	1	1	0	0	0	0
0	0	1	0	1	1	1	0	1	1	1	0	0	0	0
0	0	0	0	0	0	1	0	1	0	0	1	1	0	0
1	0	0	1	0	1	0	0	0	1	0	1	0	1	0
0	1	0	0	0	0	0	1	1	1	0	0	0	1	1
0	0	0	1	0	0	0	0	0	1	0	0	0	1	0
1	1	1	0	1	0	1	0	1	1	1	0	0	1	0
1	0	1	0	0	0	1	0	0	1	1	0	0	0	0
1	0	0	1	0	0	0	0	0	0	1	0	0	0	0
1	0	1	0	1	0	1	1	0	1	0	1	0	0	1
0	0	0	0	0	1	0	0	1	1	1	0	1	1	0
$55
1	0	0	0	1	1	0	0	0	0	1	0	1	1	0
1	1	1	1	1	0	0	0	0	1	1	1	1	1	1
0	0	0	1	0	0	1	0	1	0	0	0	0	1	1
0	0	1	0	1	0	0	0	0	0	0	1	1	0	0
0	0	0	1	0	0	0	1	0	1	1	0	1	0	0
1	1	0	1	1	1	1	0	0	0	1	0	1	1	0
1	0	1	0	0	1	1	0	0	1	1	0	0	0	0
0	0	0	1	1	1	0	0	1	0	0	0	1	0	0
1	0	0	0	1	0	0	0	0	0	0	1	0	0	1
1	0	1	0	0	0	0	0	0	0	0	1	0	0	0
0	0	0	0	0	0	1	1	1	1	1	0	1	1	0
0	0	0	1	0	0	0	0	0	1	1	1	0	0	0
1	1	0	1	0	0	1	0	0	1	1	1	0	1	0
0	0	1	0	0	1	1	0	0	1	1	0	0	0	0
0	0	0	0	0	0	0	1	1	0	0	1	1	0	1
$56
0	1	1	0	0	1	1	0	0	0	0	1	1	0	1
1	0	1	0	0	0	0	1	1	0	1	0	0	1	0
1	0	1	1	1	1	0	0	1	0	0	0	1	1	1
0	0	1	0	0	1	0	0	0	1	0	0	0	1	1
0	0	0	1	0	0	0	0	1	0	0	0	0	1	0
0	1	1	1	0	1	0	1	0	0	0	0	0	1	1
0	1	0	0	1	0	1	0	0	1	0	1	0	0	0
0	0	0	0	0	1	0	0	1	1	0	1	1	1	0
1	0	0	1	1	0	0	0	1	1	1	0	0	0	0
0	0	1	1	1	1	1	0	0	0	0	0	0	1	0
0	1	1	1	1	1	0	0	1	0	0	0	1	1	0
1	0	0	1	0	0	0	0	0	0	0	0	1	1	0
1	1	1	0	0	0	1	0	1	0	0	0	0	0	0
0	1	0	0	0	0	0	0	1	0	0	0	1	0	0
0	1	0	1	0	0	0	1	1	0	1	1	1	0	0
$57
1	1	0	1	1	1	0	0	0	0	1	1	0	0	0
0	1	0	1	1	0	1	0	1	0	0	0	0	1	1
0	0	1	0	0	0	0	0	0	0	1	0	1	0	0
1	1	0	1	1	1	0	1	0	0	0	0	0	0	1
0	1	1	1	0	1	0	1	0	1	1	1	0	0	0
1	0	0	1	0	0	0	0	0	1	1	1	0	0	0
1	1	1	1	0	1	1	0	0	0	1	0	0	0	1
0	0	0	0	0	0	0	0	0	0	0	0	1	0	0
0	1	0	0	1	1	1	0	1	0	1	0	0	0	1
0	0	0	1	0	0	0	0	0	0	0	1	0	0	0
0	1	1	0	1	0	0	1	0	0	1	1	1	1	1
0	1	1	0	1	1	1	1	1	0	1	1	1	0	1
0	1	0	1	0	1	0	0	0	0	0	0	1	0	1
0	0	0	0	0	0	0	1	0	0	0	1	0	0	0
0	1	0	0	0	0	1	0	0	1	0	0	1	0	1
$58
0	0	0	1	0	0	0	1	0	0	1	1	1	0	1
1	0	0	0	0	0	1	0	0	1	0	0	0	0	0
0	1	0	0	1	0	0	0	1	0	1	0	1	0	1
1	1	0	0	1	0	0	0	0	0	1	0	0	1	0
1	1	0	0	1	0	1	0	0	0	1	0	0	0	0
0	0	1	0	1	0	1	1	1	0	1	0	0	1	1
0	0	1	1	1	0	0	0	0	0	1	0	1	1	0
0	0	0	1	0	0	0	1	1	0	1	0	1	1	0
1	0	1	0	1	1	0	1	0	0	0	1	1	1	0
0	1	0	1	0	0	0	0	1	0	0	0	1	1	1
1	0	0	1	0	1	0	0	0	0	0	1	0	0	0
1	0	1	0	0	0	1	1	1	1	0	0	0	0	0
1	1	1	1	0	0	0	0	0	0	0	1	1	1	0
0	0	0	1	0	0	0	0	0	1	0	1	0	1	0
1	0	0	1	0	1	0	0	1	0	0	1	1	0	0
$59
0	1	1	0	1	0	0	0	0	1	1	0	1	0	0
1	1	0	0	0	0	0	0	0	0	0	1	0	1	0
0	0	0	1	0	0	0	0	0	0	0	1	1	1	0
0	1	1	1	0	1	0	0	0	0	1	0	1	0	0
1	0	0	0	0	0	1	0	0	1	0	1	0	0	0
0	1	0	0	0	1	1	1	0	1	1	0	0	0	0
0	0	1	1	0	0	0	0	0	0	1	0	0	1	0
1	1	1	0	1	0	0	0	0	0	0	0	1	0	1
0	1	1	1	1	0	0	1	1	0	1	1	1	0	1
1	1	1	1	1	0	0	0	0	1	0	0	1	0	1
1	0	0	0	1	0	0	1	0	1	1	0	0	0	0
1	0	0	0	1	0	0	0	0	1	1	0	0	1	1
1	0	1	1	1	0	0	1	1	1	1	1	0	0	0
1	0	0	1	0	0	0	0	0	1	0	0	0	1	0
0	1	1	0	0	1	0	0	1	0	0	0	0	0	0
$60
1	1	0	0	0	0	0	1	0	0	0	0	0	0	1
1	0	0	1	0	0	0	1	1	0	0	0	0	0	0
0	0	1	0	0	0	1	0	0	1	1	1	0	0	0
0	1	0	1	1	1	0	1	0	0	1	0	1	0	1
1	1	1	0	1	0	0	1	0	1	1	0	0	1	0
0	1	1	0	1	0	0	1	1	0	1	1	1	1	1
0	0	1	0	1	1	1	0	0	0	1	0	0	0	1
1	0	0	0	0	0	0	1	1	1	1	1	0	1	1
0	0	1	0	1	0	1	0	0	0	0	1	0	0	1
1	1	0	0	0	0	1	0	0	0	1	0	0	1	0
0	0	0	1	0	0	0	0	0	1	1	0	0	1	0
0	0	0	1	1	0	1	0	1	0	1	0	0	0	0
0	0	0	0	0	1	0	0	1	1	0	0	0	0	0
0	0	0	1	1	0	0	0	0	1	0	1	0	0	0
0	0	1	0	0	1	0	0	1	0	1	1	0	0	1
$61
0	0	0	0	0	1	0	0	1	0	0	0	0	0	0
0	0	0	0	0	1	0	0	1	1	0	0	0	1	1
0	1	0	0	0	1	1	0	0	1	0	1	0	1	0
0	0	0	0	0	0	1	0	0	1	0	1	0	0	1
0	0	1	0	1	0	1	1	1	0	0	1	1	0	1
0	0	0	0	0	1	0	0	1	0	0	1	1	0	0
1	0	0	1	0	0	1	1	0	0	1	1	1	0	1
0	0	0	0	0	1	0	1	1	0	0	0	0	1	0
0	0	0	1	1	0	0	1	0	0	0	1	0	0	1
0	0	0	0	0	0	0	1	0	0	0	1	0	0	0
1	1	0	0	1	0	0	0	1	0	1	1	1	1	1
0	1	1	0	1	0	1	0	0	1	0	0	0	1	0
1	0	0	1	0	1	0	1	1	0	0	1	0	0	0
1	0	1	0	0	0	1	0	1	0	1	1	0	0	1
1	1	1	0	1	0	0	1	1	1	0	1	0	0	1
$62
0	0	1	1	1	0	1	0	0	0	0	1	0	0	0
1	1	1	1	0	1	0	1	1	0	1	1	1	0	1
0	0	1	0	1	1	1	0	1	1	0	1	0	1	1
0	1	0	0	1	0	1	0	0	0	0	1	0	0	0
0	0	1	0	0	0	0	0	0	0	0	0	1	1	0
1	1	1	0	0	0	1	0	0	0	0	0	0	0	0
1	0	1	0	0	1	1	1	0	0	0	0	0	1	0
1	1	1	0	0	1	0	0	0	1	1	0	0	0	1
0	0	0	0	0	1	1	0	0	0	0	0	1	0	1
0	0	0	1	0	0	1	0	0	1	0	0	0	0	0
0	1	1	1	1	0	1	1	0	1	1	0	1	0	0
0	1	0	1	1	0	0	0	0	0	0	0	0	0	1
0	0	0	1	0	0	0	0	1	0	0	0	0	1	1
0	0	0	0	0	0	0	0	1	0	1	1	0	0	0
0	1	1	0	1	0	1	1	0	0	0	1	1	1	0
$63
0	1	0	1	0	0	0	1	1	0	0	0	0	0	0
0	0	1	0	0	1	0	1	1	0	1	1	0	0	0
0	1	1	0	0	1	0	0	1	0	0	1	1	0	0
0	1	0	1	0	1	0	1	0	1	0	0	1	1	0
1	0	0	0	0	1	1	1	0	1	0	0	0	1	0
0	1	0	0	1	1	1	1	0	1	0	0	1	1	0
1	0	0	0	0	0	0	1	1	0	1	0	0	1	0
0	1	0	0	0	1	1	0	0	0	1	0	1	1	1
1	1	1	0	1	1	0	0	0	0	0	0	0	0	0
0	0	1	1	1	1	0	0	1	1	0	1	0	0	0
0	0	0	0	0	0	0	0	0	0	0	1	0	0	0
1	0	0	1	0	1	1	0	0	1	0	1	1	1	0
0	0	0	0	0	0	0	0	0	0	1	1	0	0	0
0	0	1	1	1	1	0	0	0	0	0	1	1	1	0
1	1	0	1	0	0	0	0	0	0	0	0	1	0	1
$64
0	1	0	0	0	0	0	1	1	1	1	1	1	0	0
1	0	0	0	0	0	0	0	0	1	0	0	1	0	1
0	0	0	0	0	1	1	0	1	0	0	0	0	1	0
0	0	0	0	0	1	0	1	0	1	0	0	0	0	0
1	1	0	0	1	0	0	1	0	1	1	0	1	1	1
1	0	0	0	0	0	0	1	1	1	0	0	0	1	0
0	0	0	0	0	1	1	1	0	0	0	1	0	1	1
0	0	1	0	0	0	1	0	1	0	0	0	0	0	0
1	0	1	0	1	1	1	1	0	1	0	1	0	0	0
1	1	1	0	1	0	1	1	0	1	0	0	0	0	0
0	0	1	0	0	0	1	1	0	1	0	0	0	0	1
1	0	1	1	1	0	1	0	0	0	1	0	0	0	0
0	1	1	0	0	1	0	0	0	0	0	0	0	1	0
0	0	0	0	1	0	0	0	1	0	0	1	1	0	0
1	1	0	1	0	1	1	1	0	0	1	0	0	1	0
$65
1	1	1	0	0	0	0	0	1	0	0	0	1	0	0
1	1	0	1	0	0	0	0	0	0	0	0	0	0	1
0	0	0	1	1	0	1	1	0	1	0	0	0	1	1
1	0	0	0	1	1	0	1	0	0	1	0	1	1	1
0	0	0	0	0	1	0	1	0	0	1	1	0	0	0
0	1	1	0	0	1	0	0	0	0	0	1	0	0	1
1	0	0	1	0	1	1	0	1	0	0	0	1	0	1
1	0	0	0	1	0	1	1	0	0	0	1	0	0	0
1	0	1	1	1	1	1	0	1	0	0	0	1	0	0
0	0	1	0	0	0	0	0	0	0	1	1	0	0	1
1	0	0	1	0	1	1	0	1	0	1	1	0	0	0
0	0	1	0	0	0	1	0	0	1	0	0	1	1	0
0	0	0	0	1	1	0	1	0	0	1	0	0	0	0
0	1	1	0	1	0	0	0	1	1	1	0	0	1	0
0	0	0	0	1	0	0	0	0	0	0	0	1	1	0
$66
0	1	0	1	0	0	0	0	0	0	0	0	0	0	0
0	1	0	0	0	0	1	0	0	1	1	1	1	1	1
0	1	1	1	0	0	0	0	1	0	0	1	1	0	1
0	0	0	1	0	1	0	1	1	1	0	0	0	1	0
0	1	1	0	0	0	0	0	0	0	0	1	0	0	0
0	0	1	0	1	1	0	1	0	0	0	0	0	0	1
0	1	0	1	1	0	0	0	0	1	1	0	0	0	0
0	0	0	0	0	1	0	1	1	1	1	1	0	1	0
0	0	1	0	0	1	0	1	0	1	0	0	0	0	0
0	1	0	0	1	1	1	0	1	1	0	0	1	1	1
0	0	0	1	1	0	0	1	0	0	0	0	0	0	0
0	0	0	0	0	0	1	0	0	0	0	0	0	0	1
1	0	1	0	0	1	1	0	1	0	0	1	0	1	1
0	1	0	0	0	0	0	0	0	0	1	1	0	0	1
1	1	0	1	0	1	0	1	0	1	0	1	1	1	0
$67
0	1	0	0	1	0	0	0	1	0	0	0	0	0	0
0	1	0	0	1	0	0	0	0	0	0	0	0	0	0
0	0	1	0	0	1	1	1	0	1	0	1	1	1	1
1	0	1	0	0	0	0	0	0	0	0	1	1	0	1
1	0	0	0	0	1	1	1	0	0	0	0	1	0	1
0	1	1	1	1	0	0	1	1	1	0	0	0	1	1
0	1	1	0	1	1	0	0	0	0	1	0	0	0	0
0	0	0	1	1	0	1	0	0	1	0	1	0	1	0
0	0	0	0	0	0	0	0	1	1	0	0	0	0	1
1	0	0	0	1	0	0	1	0	1	0	0	0	1	0
0	0	0	1	0	1	0	0	1	0	1	1	1	0	0
0	0	0	0	0	1	1	0	0	0	0	1	1	0	0
1	1	0	1	1	0	0	0	0	1	1	1	0	1	0
0	0	0	0	0	1	0	1	1	0	1	1	1	1	0
1	0	0	0	1	1	0	1	0	0	0	0	0	0	0
$68
1	0	0	0	0	0	0	0	0	0	1	1	1	0	0
0	0	0	1	0	1	0	1	0	1	1	1	0	0	0
0	1	0	0	0	1	1	1	0	1	0	1	1	0	0
1	0	0	0	1	1	0	0	0	1	0	1	0	0	0
0	1	0	1	0	1	1	0	0	0	0	1	1	0	0
0	1	0	1	0	0	1	1	0	0	0	0	0	1	0
1	1	1	0	0	1	0	0	0	0	0	0	0	0	0
1	0	0	0	1	1	0	0	0	1	1	1	0	0	1
1	0	1	0	0	1	0	0	0	1	0	0	1	0	0
0	0	1	1	1	0	1	1	1	0	0	0	0	0	0
0	0	0	1	0	1	0	0	0	1	0	1	1	1	0
0	0	0	0	0	1	0	1	0	0	1	1	0	0	0
1	1	0	0	0	1	0	0	0	0	0	0	1	1	0
0	1	1	0	1	0	0	0	0	1	0	0	1	1	1
0	1	0	1	1	1	0	0	0	0	0	0	1	0	0
$69
1	0	0	0	0	0	0	0	0	0	1	1	0	0	1
0	0	0	0	0	0	1	1	0	0	0	1	1	1	1
1	0	0	0	1	0	1	0	1	0	0	0	0	0	0
0	0	0	0	1	0	1	0	1	0	1	0	0	0	0
0	0	0	1	0	0	0	0	0	0	0	1	0	0	0
0	0	0	1	1	1	0	1	0	1	0	0	0	1	0
1	0	0	0	0	0	0	0	0	1	0	1	0	1	1
0	0	0	1	0	0	1	0	1	1	0	1	1	0	0
0	0	0	0	0	0	1	0	0	0	1	1	0	0	0
0	0	0	1	0	1	1	1	1	0	0	1	0	1	1
1	1	0	0	1	0	1	1	0	0	0	1	0	1	1
0	0	1	0	1	0	0	1	0	0	1	1	0	0	0
1	0	1	1	1	0	1	0	0	0	0	1	0	1	1
0	1	0	1	1	1	0	1	0	1	0	1	1	0	0
0	1	0	0	1	0	0	0	0	1	0	0	0	0	1
$70
0	0	0	1	0	1	0	1	1	0	0	1	1	1	0
1	0	1	0	1	0	0	0	0	0	0	1	1	0	0
0	1	0	0	0	1	1	0	1	0	0	0	1	0	0
1	1	0	0	0	0	1	0	1	1	0	0	0	0	0
0	0	1	1	1	1	0	1	0	1	0	0	0	0	1
0	0	0	0	0	0	0	0	0	1	0	1	1	0	0
0	1	1	1	0	1	0	0	0	0	0	0	1	1	0
0	0	1	0	0	1	1	0	1	0	0	0	1	1	0
0	1	0	0	0	1	1	0	0	1	0	0	1	0	0
1	1	0	1	0	0	0	0	1	1	0	0	0	0	0
0	0	1	0	1	0	1	1	0	1	0	0	0	0	1
0	0	0	0	1	0	0	0	0	0	1	1	0	0	1
0	1	0	0	1	0	0	0	1	1	1	0	0	0	1
0	0	1	0	1	0	1	0	0	0	0	0	1	0	1
1	1	0	1	0	0	0	0	1	1	0	0	0	1	0
$71
0	0	0	1	0	0	0	0	0	0	1	0	0	1	0
0	0	0	0	0	1	0	0	0	1	1	1	1	1	1
0	1	1	1	1	1	0	0	1	0	0	1	1	1	1
1	1	0	1	0	1	0	0	0	1	0	1	1	1	1
0	0	0	0	0	0	0	1	1	0	1	1	0	1	0
1	0	1	1	0	0	0	0	0	0	0	1	0	1	0
1	0	1	0	1	0	0	1	1	1	0	0	1	1	0
0	0	1	0	0	0	0	0	1	1	0	1	0	1	0
0	0	0	0	0	1	1	1	0	0	0	0	0	0	0
0	0	0	1	0	0	1	0	0	0	0	0	0	0	1
0	1	0	1	0	0	0	0	1	1	1	1	1	1	0
1	1	1	1	0	0	1	0	1	0	1	0	0	0	0
0	1	0	0	0	1	0	0	0	0	1	0	0	0	0
0	0	0	0	0	0	0	0	0	0	1	0	0	0	1
0	0	0	0	0	0	0	0	0	0	0	0	1	1	0
$72
0	0	0	1	1	1	1	0	1	0	0	0	0	0	1
0	0	0	1	0	0	0	0	1	0	1	1	1	1	0
0	0	0	1	0	0	1	1	0	1	0	0	1	0	1
0	0	0	0	0	1	1	0	1	0	0	0	0	0	0
0	0	0	1	1	0	0	0	1	0	1	1	0	0	0
0	1	1	1	0	1	0	0	0	0	1	1	1	0	0
1	0	0	0	0	0	1	0	0	0	0	0	1	1	0
0	0	1	0	0	1	1	0	0	1	1	1	0	1	0
0	0	0	0	0	0	1	1	0	0	1	1	1	0	0
0	0	0	1	1	0	0	1	0	0	0	0	0	0	0
1	0	1	0	1	0	0	0	0	0	1	0	0	1	0
0	0	1	0	0	0	1	1	1	1	0	0	0	0	1
0	0	1	0	1	0	0	0	1	1	1	1	1	0	0
0	0	0	0	1	1	1	0	0	0	1	0	0	0	1
0	1	0	0	0	1	0	0	1	0	0	1	0	0	1
$73
0	1	1	0	0	0	0	1	0	1	0	0	0	0	0
0	1	0	1	0	0	0	0	0	1	1	0	1	1	1
1	0	0	0	0	0	0	1	0	0	0	1	0	1	0
1	1	0	0	0	1	1	0	1	0	0	1	0	1	0
1	1	0	0	0	0	1	0	1	0	0	0	0	1	1
0	0	0	0	0	0	0	1	0	1	1	1	0	0	0
0	0	0	0	0	0	1	0	0	0	0	1	0	1	0
0	1	1	0	0	0	0	1	0	1	1	0	1	0	0
1	0	0	1	0	0	0	1	1	1	0	0	0	1	0
0	1	0	1	1	0	0	0	0	0	0	0	0	1	1
0	0	1	0	0	0	1	0	1	1	1	0	0	0	0
0	1	0	0	1	0	1	0	1	0	1	1	0	0	0
1	0	1	1	0	1	0	0	0	1	0	1	0	0	0
0	0	0	0	0	0	0	0	0	1	1	0	1	1	1
0	0	1	1	0	0	0	0	0	1	1	0	0	1	0
$74
1	0	0	0	1	1	1	0	0	1	1	1	0	1	1
0	1	1	0	0	1	1	1	0	1	0	0	0	0	0
0	1	1	1	0	0	0	0	1	0	0	0	1	0	1
0	0	0	1	0	1	1	0	0	0	1	1	0	1	0
1	0	1	0	0	1	1	0	0	1	0	0	1	1	1
0	1	1	1	1	1	0	0	0	0	0	0	0	0	0
0	0	0	1	0	0	1	0	0	1	1	0	0	0	0
0	0	0	1	0	1	1	1	0	1	0	1	1	1	0
0	0	0	0	0	1	0	0	0	0	1	1	0	0	0
0	1	0	1	0	1	0	0	0	0	1	0	0	0	0
1	0	1	0	1	0	1	0	1	0	1	0	1	1	0
1	0	0	1	1	0	0	0	0	0	0	0	0	1	0
0	0	0	0	0	1	0	0	1	1	0	0	0	0	0
0	0	0	0	0	0	1	0	0	1	0	0	0	0	0
0	0	1	0	0	0	1	1	0	0	0	0	0	0	0
$75
1	0	0	0	1	0	1	0	0	0	0	0	0	1	0
1	1	0	1	0	0	0	0	0	0	0	1	1	0	0
0	0	0	0	1	1	1	1	0	0	0	1	0	0	1
0	1	0	0	0	0	0	1	0	0	1	1	0	0	0
1	0	0	0	1	0	1	0	0	0	1	0	0	1	0
0	1	1	1	0	1	0	0	0	0	1	0	1	1	0
0	0	1	0	0	1	0	1	0	0	0	0	1	0	0
0	0	1	0	0	1	0	0	1	1	0	0	1	1	1
0	1	1	1	0	0	0	0	1	0	0	0	1	1	1
0	1	0	0	0	0	0	1	0	0	0	1	0	0	0
0	0	1	0	0	0	0	1	0	0	1	1	0	0	0
0	1	0	0	1	0	0	1	0	0	0	0	0	0	0
0	0	0	1	1	0	0	1	0	0	0	1	0	0	0
0	1	1	0	1	1	0	0	0	0	0	0	0	0	1
1	1	0	1	1	0	1	1	1	1	1	1	0	0	0
$76
0	1	0	0	1	1	0	0	0	1	1	0	0	0	1
0	0	0	0	0	0	0	1	0	0	1	0	1	0	1
1	0	1	1	0	0	0	0	1	0	0	1	0	0	0
0	0	1	0	0	0	0	1	0	1	0	0	0	0	0
1	0	1	1	1	0	1	0	0	0	0	0	0	0	0
0	1	0	1	1	1	1	0	0	0	1	0	0	0	0
1	0	0	0	0	0	0	1	0	0	1	0	0	1	1
1	0	0	0	1	0	1	0	1	1	1	0	1	1	0
1	0	1	1	0	0	0	0	0	1	0	1	1	1	0
0	1	0	0	0	1	1	1	0	1	1	0	0	0	0
1	0	1	0	0	1	1	1	0	0	0	1	1	0	0
0	1	0	0	0	0	0	1	0	0	0	0	0	0	0
0	0	0	0	1	0	1	0	0	0	0	1	0	0	0
0	1	1	0	1	0	1	0	1	0	0	0	1	1	1
0	1	1	0	0	0	0	0	0	0	0	0	1	0	0
$77
0	0	0	1	0	1	1	1	1	0	1	0	0	1	0
0	1	0	1	0	0	1	0	1	0	1	0	0	0	0
1	1	0	1	0	1	1	0	0	0	0	0	0	1	1
0	0	0	1	1	0	1	1	0	0	0	0	1	0	1
1	1	1	0	0	0	0	0	0	0	1	0	1	1	1
0	1	0	0	0	0	1	1	0	0	0	1	0	0	0
0	0	1	1	1	0	0	0	0	0	0	1	0	1	0
0	0	0	0	0	1	0	1	1	0	0	0	0	0	1
0	0	1	0	0	1	0	0	0	0	1	0	0	1	1
0	0	0	1	0	0	0	0	0	0	0	0	0	0	0
0	1	0	1	0	0	1	1	1	0	0	1	0	0	0
0	0	0	0	0	1	0	0	0	1	0	1	1	0	1
0	1	1	1	0	0	0	1	0	1	0	0	0	0	0
0	0	1	0	0	0	0	0	0	1	1	1	1	1	1
0	0	1	0	0	0	0	0	0	0	1	0	0	1	0
$78
0	0	0	0	1	0	0	1	0	1	1	0	0	0	0
1	1	1	0	1	0	1	0	0	0	0	0	0	0	0
1	1	1	0	0	0	0	1	0	1	0	1	0	0	0
0	0	0	0	1	0	0	1	0	1	0	0	1	0	1
0	0	0	1	0	0	0	0	0	1	1	0	0	1	1
0	0	0	1	0	0	0	0	0	0	1	0	0	0	1
0	1	1	0	1	0	0	0	1	1	1	0	1	1	1
0	1	0	0	0	0	1	1	0	0	0	1	0	0	0
0	0	1	0	0	0	0	0	0	0	1	1	1	0	0
0	0	0	1	0	0	1	0	1	1	0	0	1	0	0
1	0	0	0	1	0	0	0	0	0	0	0	1	0	0
0	0	0	0	1	0	0	0	0	1	0	1	0	1	0
1	0	1	0	1	0	1	1	0	0	0	1	0	1	0
1	1	1	0	0	1	0	0	0	0	1	1	0	0	0
0	0	1	0	0	1	1	1	1	0	1	0	0	1	0
$79
1	0	0	1	0	0	0	0	1	1	0	0	1	0	0
0	0	0	1	0	0	1	0	1	1	1	0	0	1	1
1	1	0	0	0	0	0	0	0	1	0	0	0	1	1
1	0	1	0	0	0	0	1	0	0	0	0	1	1	0
1	0	0	0	0	1	1	0	1	0	0	1	1	1	0
0	1	0	1	0	0	0	0	1	0	0	0	0	0	0
0	0	0	0	0	0	1	1	0	0	1	1	0	0	0
1	1	0	1	0	0	0	1	0	1	1	1	0	0	0
0	1	0	1	1	1	0	1	0	1	0	0	0	1	1
1	0	1	0	0	0	1	0	0	0	0	0	0	0	1
0	1	0	0	0	0	0	1	0	0	0	1	1	0	0
0	1	0	0	0	0	0	0	1	1	0	0	0	0	0
0	0	1	0	0	0	1	0	0	0	0	1	0	0	1
0	0	0	1	0	0	1	0	0	1	0	0	1	1	0
0	1	0	1	1	1	0	0	0	1	0	1	0	0	0
$80
1	0	0	0	0	0	0	0	0	0	0	0	0	1	0
1	0	0	1	0	1	1	0	1	1	1	1	0	0	0
0	0	0	1	0	0	0	1	1	0	0	1	1	0	1
0	0	0	0	1	0	1	1	1	1	1	0	0	0	1
0	1	0	0	0	0	1	0	0	0	0	0	0	0	0
1	0	0	0	0	0	1	0	0	0	0	0	0	0	0
0	1	1	1	0	0	0	0	0	0	0	0	0	0	0
0	1	0	0	0	0	0	0	0	0	0	1	0	1	0
1	1	0	0	1	1	1	0	0	1	1	1	0	0	1
0	1	0	0	1	0	0	0	0	0	0	1	0	1	0
1	0	0	1	0	0	1	1	1	1	1	0	0	0	0
0	0	0	1	0	1	1	0	0	1	0	0	1	1	1
0	0	0	1	0	0	0	0	1	0	0	0	0	0	0
0	0	0	1	0	1	1	0	0	1	0	1	1	0	1
1	1	1	0	1	1	0	0	0	1	0	0	1	0	0
$81
0	0	1	0	0	0	1	0	0	0	0	0	0	0	1
1	1	0	1	0	1	0	0	0	0	0	1	0	0	0
1	0	0	0	0	0	1	0	0	0	0	0	1	0	1
0	1	1	0	0	1	0	0	0	0	0	0	1	0	0
1	0	1	1	0	0	1	0	0	0	0	1	0	1	0
1	0	1	0	0	0	0	1	0	1	0	0	1	1	0
0	0	0	0	1	1	1	1	1	0	1	0	1	1	1
1	0	1	1	0	0	0	0	0	0	1	0	0	1	0
0	0	1	0	0	1	0	1	1	0	1	0	0	1	1
0	0	0	0	0	0	0	0	1	0	0	0	0	0	0
0	1	1	0	0	0	0	0	1	1	1	0	0	1	0
0	1	0	1	0	0	0	1	1	1	1	1	0	0	1
0	0	0	1	0	0	0	0	0	0	0	1	0	0	1
0	0	1	0	0	0	0	1	0	0	1	0	1	0	0
0	0	0	1	0	0	0	1	0	1	0	0	1	1	0
$82
1	1	1	1	0	0	0	1	0	1	0	1	0	0	1
0	1	1	0	1	0	0	0	0	0	1	0	0	0	0
1	1	0	0	1	0	0	0	0	0	1	0	0	0	0
1	0	0	0	0	0	0	0	1	1	0	1	0	0	0
1	0	0	1	0	0	1	1	1	0	1	0	1	0	0
1	0	1	0	1	0	0	0	0	1	0	1	1	1	1
0	0	0	0	0	1	0	1	0	0	0	0	0	0	0
1	1	0	1	0	0	1	0	0	0	1	1	0	1	1
1	1	1	0	1	1	1	0	1	0	0	1	0	0	0
0	0	1	0	0	1	0	0	0	0	1	0	0	0	0
0	0	0	0	0	0	0	0	0	0	0	1	0	0	0
0	1	0	0	0	0	1	0	0	1	1	0	0	0	0
0	0	0	0	0	1	1	1	0	0	0	0	0	0	1
0	0	0	0	0	0	1	0	0	1	0	0	1	0	0
0	1	0	0	1	0	1	0	0	0	1	0	1	1	1
$83
1	0	1	0	0	0	0	0	0	1	1	0	1	0	0
1	0	0	0	0	0	1	1	1	0	0	1	0	1	0
0	0	1	0	0	0	0	0	0	1	1	0	0	1	0
1	1	1	0	0	0	1	0	0	1	1	0	0	0	0
0	0	1	0	0	0	0	0	1	0	1	0	1	1	0
1	0	0	1	0	0	0	1	1	1	0	0	0	0	0
0	0	0	0	0	0	0	0	0	0	1	1	0	1	1
1	1	0	0	1	0	1	0	1	1	0	0	1	0	0
0	0	1	1	1	1	0	1	0	0	0	0	0	0	0
0	0	1	1	1	1	0	0	0	0	0	0	0	0	0
1	0	0	0	0	0	1	1	0	0	0	1	0	0	1
0	1	0	0	0	1	0	0	0	0	0	0	0	0	1
1	0	0	1	0	0	1	0	0	0	0	0	0	0	1
0	1	1	1	1	0	0	0	0	1	1	0	0	1	1
0	1	0	0	0	1	0	0	0	0	1	0	1	0	0
$84
0	1	0	0	0	0	1	1	0	0	0	0	0	0	0
1	0	1	0	0	0	1	1	0	0	0	0	0	1	0
1	0	0	0	1	0	1	0	0	0	0	0	1	0	0
0	0	1	0	0	0	0	0	0	1	0	0	0	1	0
0	1	0	0	0	1	0	0	0	1	1	0	0	1	0
0	1	0	0	0	0	1	0	0	1	0	0	1	1	0
0	1	1	0	1	0	0	0	1	0	0	0	0	0	0
0	0	1	0	1	0	0	0	1	1	0	0	0	0	1
0	0	0	0	1	1	0	0	0	0	0	0	0	0	1
0	0	0	0	0	0	1	1	0	0	1	0	0	0	0
0	1	1	0	1	0	0	1	1	0	1	0	1	0	1
1	0	0	0	1	0	0	1	1	1	0	0	0	0	1
0	1	0	1	1	1	1	1	1	0	0	1	0	0	0
1	0	1	0	0	1	1	0	0	0	1	1	0	0	1
0	0	1	1	0	1	0	0	1	0	0	0	1	0	0
$85
0	0	0	0	1	0	0	0	1	1	0	0	0	1	0
0	0	0	0	1	1	1	1	1	0	1	0	0	0	0
0	0	0	1	0	1	1	0	0	0	1	1	0	0	1
1	1	0	1	1	1	0	0	0	0	0	0	0	0	0
0	0	0	1	0	0	0	0	0	0	1	1	0	0	1
0	0	1	0	0	0	1	0	0	0	1	1	0	0	1
1	0	0	0	1	1	0	0	0	0	0	1	0	0	0
0	0	1	1	0	0	0	0	0	0	0	0	1	1	0
0	0	1	0	1	0	0	0	0	0	0	1	1	0	0
0	0	0	1	0	0	0	1	0	1	0	0	0	0	0
1	0	1	0	0	0	0	0	0	1	0	0	0	0	0
1	1	1	0	1	0	0	0	0	0	1	1	0	1	1
0	1	0	0	1	0	1	1	0	0	1	0	0	1	0
0	0	1	1	1	0	0	0	0	1	1	0	0	0	0
1	0	0	1	0	0	1	0	1	1	0	1	1	0	0
$86
1	0	0	0	0	0	0	0	1	0	1	1	0	0	1
0	0	0	0	0	0	0	0	1	0	0	0	1	0	1
0	1	1	0	0	0	0	0	0	0	1	0	1	0	0
1	0	0	1	0	0	0	0	0	0	0	0	0	0	1
0	1	0	1	1	0	0	1	1	1	1	1	1	1	1
1	1	0	0	0	0	0	0	0	0	0	0	0	0	1
0	0	0	0	1	0	0	0	0	0	0	1	0	1	0
0	1	0	0	0	0	0	1	1	1	1	0	0	1	1
0	0	1	1	0	0	0	1	1	0	1	0	0	0	0
0	0	0	1	0	0	1	0	1	0	0	1	1	0	0
0	1	1	0	0	0	0	0	1	0	1	1	0	0	1
0	0	1	1	1	0	1	0	1	0	0	0	0	0	0
1	0	0	1	0	0	1	0	0	1	1	1	1	0	0
1	0	0	0	0	0	1	0	0	0	0	0	0	0	0
0	0	0	0	0	0	1	0	1	1	0	0	1	0	0
$87
0	0	0	0	1	1	0	0	0	1	0	0	0	1	0
0	0	1	1	0	1	0	1	0	1	1	0	0	0	0
1	0	1	0	0	1	0	0	0	0	0	1	1	0	0
0	1	0	0	1	0	0	1	0	0	0	0	0	1	1
1	1	0	1	0	1	0	1	0	0	0	1	0	0	0
0	0	0	0	1	0	1	0	0	1	1	0	1	0	0
0	0	1	1	0	1	1	0	0	0	1	0	0	0	1
0	1	0	1	1	0	0	0	0	0	1	1	1	0	1
0	0	0	0	0	0	0	0	0	0	0	1	0	1	0
1	1	0	0	0	0	0	0	0	1	1	0	1	1	0
1	0	0	1	0	0	1	0	0	0	0	1	0	0	0
1	1	1	0	0	0	1	0	0	0	1	0	0	1	1
0	0	0	0	0	1	0	0	0	0	1	0	1	0	1
0	0	0	0	0	0	0	0	0	1	0	0	0	0	0
1	0	0	0	1	0	0	1	1	1	0	0	0	0	0
$88
0	0	0	1	0	0	0	0	1	0	1	0	1	0	0
1	1	0	0	0	0	0	1	1	0	0	1	0	0	0
0	0	0	0	0	0	0	0	0	0	1	0	0	0	0
1	0	0	0	0	0	1	1	0	1	0	0	0	0	0
0	0	0	1	0	0	1	0	1	1	0	1	0	0	0
0	1	0	1	1	0	1	0	1	0	1	1	0	1	1
0	0	0	0	0	0	0	0	0	0	1	0	0	0	0
0	0	0	1	0	1	0	0	1	1	0	1	0	0	1
0	0	0	0	0	0	0	0	1	1	0	0	0	0	1
0	1	0	0	1	1	1	0	1	0	0	0	1	1	0
0	0	0	1	1	0	0	1	0	1	0	0	0	1	0
0	0	0	1	0	0	1	0	1	0	0	1	0	0	1
0	0	0	1	0	0	0	1	0	1	0	0	0	1	0
0	0	1	0	0	1	0	0	1	1	1	1	1	1	0
1	0	1	1	0	0	0	0	0	0	0	1	1	0	0
$89
0	1	0	1	0	0	1	1	0	0	0	0	1	0	0
0	1	1	0	0	0	1	1	1	1	1	0	0	1	0
1	1	0	0	1	0	1	0	0	0	1	0	1	0	1
0	0	1	0	1	1	0	0	0	0	1	0	0	0	0
1	0	1	0	1	0	1	0	1	0	0	0	0	0	0
1	1	0	1	0	0	0	1	0	0	1	0	1	1	0
0	1	0	1	0	0	0	0	1	0	0	0	1	0	0
1	0	0	0	0	0	0	0	0	0	0	0	1	0	0
1	0	1	1	0	0	1	0	0	0	0	0	0	0	0
1	1	0	0	0	0	0	0	0	0	0	0	0	0	0
1	1	0	0	1	1	0	0	1	0	0	0	0	0	0
1	1	0	0	0	0	1	1	0	0	1	0	1	0	0
0	0	0	0	1	1	0	1	0	1	0	1	0	0	0
0	0	1	0	0	0	1	0	0	1	0	0	0	0	1
0	0	0	0	1	0	0	1	1	0	0	1	0	0	0
$90
1	1	1	0	0	0	0	1	0	0	0	1	1	1	0
1	1	1	0	0	0	0	0	0	1	1	0	0	1	0
0	0	1	1	0	1	1	1	0	0	0	0	0	0	0
1	0	0	1	0	0	0	0	0	1	0	1	0	0	0
1	1	0	1	0	1	0	0	1	1	1	1	0	0	0
0	0	1	0	1	1	0	0	1	0	1	1	0	1	1
1	1	1	1	0	1	1	0	0	0	0	0	0	1	0
0	0	1	0	0	0	0	0	0	0	1	0	0	0	0
0	0	0	1	0	0	0	0	0	1	0	0	0	1	0
0	1	0	0	1	1	1	0	1	1	0	0	0	0	1
0	0	0	1	0	1	0	0	0	0	0	1	0	1	0
0	0	0	1	0	0	0	0	0	0	0	0	1	0	0
1	0	0	0	0	0	1	1	0	0	1	0	1	0	1
0	0	0	0	0	0	0	0	0	0	0	0	0	1	0
0	1	1	0	0	0	0	0	0	0	0	0	0	0	0
$91
1	0	0	1	1	1	0	0	1	0	0	1	0	0	1
0	0	1	1	0	0	1	0	0	0	0	1	0	0	0
0	1	1	0	0	0	0	1	0	0	0	0	0	1	0
0	0	1	0	0	1	0	0	1	1	0	1	0	0	1
0	1	1	0	0	0	1	0	1	0	0	1	0	0	0
0	1	0	0	1	0	0	1	0	1	1	0	0	0	0
0	1	1	1	1	1	0	0	1	0	0	0	1	1	0
1	1	0	1	0	0	0	0	0	1	0	0	0	0	0
1	0	0	0	0	1	1	0	0	0	0	0	0	0	0
0	1	0	0	0	1	0	0	0	1	0	0	1	0	1
0	0	0	1	0	0	0	0	0	0	0	1	1	0	0
0	1	0	1	0	1	1	0	0	0	0	0	0	1	0
1	0	0	1	0	0	0	0	0	0	1	1	1	1	1
1	0	0	0	0	0	0	0	0	0	0	1	0	1	0
0	0	1	1	0	0	0	0	0	0	0	0	0	0	0
$92
0	0	1	0	0	0	0	0	0	0	0	0	0	0	1
1	0	0	0	0	1	1	0	0	0	1	1	1	1	0
0	0	0	1	0	0	0	0	0	0	0	0	0	0	1
1	0	0	0	0	0	1	0	1	1	1	0	0	0	0
0	0	1	0	0	0	0	0	1	0	1	0	0	0	1
0	0	1	0	0	0	0	0	0	0	1	0	1	0	1
0	0	1	0	0	0	0	1	1	1	0	0	0	1	0
1	0	0	0	0	1	0	1	1	1	0	0	0	0	1
0	0	0	0	0	0	1	1	0	1	1	0	0	0	0
0	0	1	1	0	0	0	0	0	0	0	0	0	0	1
1	1	1	0	0	0	0	0	0	1	0	0	0	0	0
1	0	0	0	1	0	1	1	0	1	1	1	0	0	0
0	0	0	1	0	1	0	1	1	0	0	1	1	1	0
0	1	1	0	0	0	1	0	1	1	0	1	0	0	0
0	0	0	1	1	0	0	0	0	0	0	1	0	1	1
$93
0	0	0	0	0	0	0	1	0	0	0	1	0	0	0
0	0	0	0	0	0	0	1	0	0	1	1	0	0	0
0	1	0	0	1	1	0	0	0	0	0	1	0	1	1
1	0	0	1	0	0	1	0	0	0	1	0	1	1	0
0	1	0	0	1	1	0	1	1	0	0	0	0	1	0
0	0	0	0	0	0	1	1	0	0	0	0	0	0	0
0	0	0	1	0	0	0	1	1	0	1	0	1	0	1
0	0	0	0	0	0	0	0	0	1	1	0	1	0	1
0	0	0	0	1	1	0	0	0	0	0	1	0	1	0
0	0	0	0	0	0	1	1	0	1	0	0	1	0	0
1	1	0	1	0	0	1	0	0	0	1	0	1	0	0
0	0	0	0	1	0	1	0	1	1	0	1	0	1	0
0	0	0	1	0	1	0	0	0	1	0	0	0	1	0
0	0	0	1	0	0	1	1	0	1	1	1	0	1	0
0	0	0	1	0	1	0	1	0	0	0	0	1	0	0
$94
1	1	0	1	0	0	0	0	0	0	0	0	0	0	1
0	1	0	0	0	0	0	0	1	1	0	1	0	1	1
1	0	0	0	0	0	0	0	1	1	0	0	0	0	0
1	0	0	1	1	0	0	0	0	0	0	1	0	0	0
1	1	1	1	1	0	1	0	0	1	0	1	0	0	1
1	0	1	1	0	0	0	0	0	1	0	0	0	0	0
0	0	1	0	1	1	1	0	0	1	0	0	0	0	1
1	1	0	0	0	0	0	0	0	0	1	0	1	0	0
1	0	1	0	1	0	0	1	1	0	0	1	0	0	1
0	1	0	0	0	1	0	0	0	0	0	0	0	0	1
0	1	0	0	1	0	1	0	0	1	0	0	1	1	0
0	0	0	1	0	0	0	0	0	0	1	0	0	1	0
0	0	0	0	0	1	0	0	0	1	0	0	1	0	0
1	1	0	1	1	1	0	0	0	0	1	0	0	0	0
0	0	0	0	0	0	0	0	0	0	1	0	0	0	1
$95
1	1	1	0	0	0	0	0	0	0	0	0	0	0	1
1	0	1	0	0	0	1	0	0	0	1	0	1	1	0
1	1	1	0	0	0	0	0	1	1	0	0	0	0	1
0	1	0	1	0	0	0	0	1	0	1	1	1	1	0
1	0	0	0	0	0	1	0	1	1	0	1	0	0	0
0	0	1	0	1	0	0	1	0	1	1	0	0	0	0
1	1	0	0	1	0	1	1	0	0	0	1	0	0	0
0	0	0	0	1	1	0	0	0	0	0	0	0	0	0
0	0	0	1	0	1	0	1	0	1	0	0	0	0	0
0	0	0	1	0	1	0	0	0	1	0	0	0	1	0
0	0	0	0	1	0	0	0	0	0	0	1	1	0	0
0	1	1	0	1	0	0	0	0	1	1	1	1	0	0
0	0	0	0	1	0	0	0	0	0	0	1	1	0	0
0	1	0	0	0	0	1	0	0	0	0	0	0	0	0
0	0	0	0	0	1	0	1	0	1	1	0	0	1	0
$96
0	1	0	1	0	1	1	0	0	1	0	0	0	0	1
0	0	0	0	0	1	0	1	1	0	0	1	0	0	0
1	0	1	0	1	0	1	0	1	0	1	1	0	0	0
0	1	0	1	1	0	0	0	1	0	0	0	0	0	0
1	0	1	0	0	0	0	0	0	0	1	0	0	1	0
0	1	0	0	0	1	0	1	0	1	1	0	0	0	1
1	0	0	0	0	0	0	0	0	0	1	0	1	0	0
0	0	0	0	0	1	0	1	1	1	0	0	1	0	0
0	0	0	1	0	0	0	1	0	0	0	0	0	0	1
0	0	0	1	0	1	0	1	0	1	1	0	0	0	1
0	0	0	0	1	1	0	0	0	0	1	0	0	1	0
1	1	0	1	0	0	0	0	1	0	0	0	1	0	1
0	0	1	1	0	0	0	0	0	0	1	0	0	0	0
1	1	0	1	1	1	0	0	0	0	1	0	0	0	0
0	0	0	0	0	0	0	0	1	0	0	0	1	0	0
$97
0	0	0	0	1	0	0	0	0	1	0	1	0	1	1
0	1	1	0	0	0	0	0	0	0	0	0	1	0	0
1	1	0	1	0	0	0	0	0	1	1	0	0	0	1
0	0	0	1	0	0	0	1	0	0	0	0	1	0	0
0	0	1	0	1	1	0	0	0	1	0	0	0	0	1
0	0	0	0	0	1	0	1	1	0	1	0	1	1	1
0	0	0	1	1	0	0	1	0	0	1	0	0	1	0
1	0	0	0	1	1	0	0	1	1	1	0	0	0	0
0	0	0	0	0	1	1	1	0	1	0	1	0	0	1
1	0	0	0	1	1	1	0	1	0	0	0	1	0	0
1	0	0	0	1	0	0	0	0	1	1	0	0	0	0
1	0	0	0	1	1	1	1	0	0	0	0	0	0	0
0	0	0	0	0	0	0	0	0	0	1	0	0	1	0
0	0	0	0	0	0	0	0	0	0	0	1	0	0	0
0	0	1	1	0	0	0	1	0	0	0	1	0	0	0
$98
0	0	0	0	0	1	1	0	0	0	1	0	0	0	0
1	0	0	1	0	1	0	0	1	0	0	0	0	0	0
0	0	0	0	0	0	0	1	1	1	0	0	1	0	0
1	0	0	0	0	0	1	1	1	1	1	0	1	0	0
1	0	0	1	0	1	0	1	0	0	0	1	0	0	0
0	0	0	1	0	0	0	0	1	0	0	1	1	1	0
0	0	1	0	0	1	0	1	0	1	0	1	1	0	1
0	0	0	0	0	0	0	0	0	1	0	0	0	0	0
0	0	0	1	1	1	1	0	0	0	1	1	1	1	0
0	1	1	0	1	1	0	1	1	0	0	0	0	0	0
0	0	0	0	0	0	1	0	1	0	1	0	1	0	0
0	0	0	0	0	0	1	1	1	1	0	0	0	1	0
0	0	0	0	0	0	0	0	0	0	0	0	1	0	0
0	1	0	1	0	0	1	0	0	1	0	0	1	0	0
0	0	0	1	1	0	0	0	0	1	0	0	0	0	0
$99
0	1	0	0	1	0	0	1	0	0	0	0	1	0	0
0	0	0	0	0	0	0	1	0	1	0	0	1	0	0
0	0	0	0	0	0	0	0	0	1	1	0	0	0	0
0	1	1	0	1	0	1	0	0	0	1	1	0	1	0
0	0	0	0	0	0	0	0	0	0	0	1	0	0	0
0	0	0	0	0	0	0	0	0	0	0	0	1	0	0
0	0	1	1	1	0	1	0	1	0	0	0	1	0	1
0	0	0	0	1	0	0	0	0	1	1	0	0	0	1
1	0	1	0	0	1	0	0	0	0	0	1	0	0	0
1	0	0	0	1	0	1	1	1	1	1	1	0	0	1
1	0	1	0	1	0	0	0	0	1	0	0	0	0	0
1	0	0	0	0	0	0	0	0	1	0	0	1	1	0
1	0	0	0	0	1	0	0	0	0	0	1	1	0	1
1	1	0	1	0	0	0	1	0	0	1	0	0	0	0
1	0	1	0	0	0	0	1	0	1	1	0	1	0	1
$100
0	0	1	0	0	0	0	0	0	1	0	0	0	0	0
1	0	0	0	1	0	0	0	0	0	0	0	1	1	0
1	1	0	0	0	1	1	0	0	0	0	0	0	1	0
0	0	0	0	0	0	1	1	1	1	1	0	0	0	0
0	0	1	1	0	0	0	0	1	1	1	0	0	0	1
1	1	0	0	1	0	1	0	0	0	0	0	1	0	1
1	0	1	0	0	1	1	1	0	1	1	0	1	0	0
0	1	0	0	0	0	0	0	0	0	0	0	0	0	1
0	0	0	1	0	0	0	0	0	0	0	1	1	0	1
0	0	0	0	0	0	1	0	1	0	1	1	0	0	0
1	0	0	0	0	0	1	0	1	0	0	1	1	0	0
0	0	0	0	0	1	1	0	0	0	1	0	0	0	1
0	0	0	0	0	0	1	0	0	0	0	0	1	0	0
0	0	1	0	1	0	0	0	0	0	1	0	0	0	1
1	0	0	0	1	0	0	1	1	0	0	0	1	0	1
