$1
1	4	2	2	1
2	1	2	1	1
1	2	1	1
3	2	1	1
1	1	2	1
1	3	3
1	3	3	3	1
6	1
2	1	1	2
1	5	5
1	1	2	3	1
2	1	1	1
1	1	1	1	2
1	3	1	3	1
1	2	2	1	2
2	5	3
2	1	2	1
5	4
1	1	7	2
2	4	1	1
1	1	4	1
4	1	4	1
2	1	1	1
1	1	1	1	1
2	1	2	1	1
1	2	3	1
2	2	3	2
1	5	1	3
1	1
1	1	1	2	1
$2
2	5	3
1	3	2	1	1
2	1	3	1
2	5	2	1
1	1	2	2
1	1	3	2
1	1	1	2
1	1	1	7
3	2	1	1
1	1	1	2
2	3	1	2
1	2	1	1
1	3	1	1
1	3	2	1	1
3	1	6
2	1	1	1
1	1	1	1	3	1
3	1	3
3	2	1	2
2	1	2	1	1
1	1	1	1
1	3	2	1	2
2	1	1	1	5
1	1	5	1
4	1	1	2
1	1	1	1	1	1
4	3	1	1
1	1	1	1	1	1
1	4	1	1	1
3	3	1	2
$3
2	3	1
2	3	1	1
2	1	1	1	2
2	2	1	2
2	1	2	2
4	1	2	1
1	3	2	1
3	1	4
1	1	1	1	1
4	1	2	1	1
1	2	3	4
4	1	1	1
2	1	1	1
4	1	4
6	1	1	1
2	2	2	1
1	3	1	4
2	5	4
1	2	2	3	2
1	1	2	2	2
1	3	1
2	1	1	1
2	1	1	4
3	1	3
2	2	1
2	1	2	1
1	1	2	2	2
3	2	2
4	1	1	2
4	1	1	1
$4
4	2	1	4
2	4	2	1
1	1	2	4
2	1	5	1
1	1	1	1
1	1	1	1	1	1	1
2	1
1	1	1	1
3	1	4	1
2	1	2	1	2
1	1	5	1	1
1	1	2	1	1
1	2	1	1	1
2	2	3
5	6
1	1	1	3	1	1
2	1	2	1
3	2	1	1	1	1
1	1	1	1	1
2	1	1	2	1
1	1	1	1
4	1	6
4	4
1	1	2	1	2	2
1	3	1	1	1	2
3	1	1	1	1
3	1	3
1	2	1	1	1	2
1	1	4	2
2	1	2
$5
1	2	1	1
1	3	3	2	1
2	1	3	1	1
1	4	2	1	1
1	4	1	2
2	1	1	1
2	2	2	1
1	2	3	1	1	1
1	1	3	1
3	1	3
2	1	2
2	1	1	2
2	1	1	2	2
1	2	1	1	1	1
4	6
2	2	1
2	2	4
3	1	3
4	2	1	1
1	2	1	2
2	2	3	2
3	2	1	1
2	2
4	1	1	3
2	2	3	1
2	1	3
1	1	4	1	1
3	1	3	2
2	1	4	1
4	1	3
$6
1	1	1
1	4	1
1	3	1
2	1	2	3
3	2	1	2
3	1	1	3	1
4	1	2	2
2	2	2	1
1	2	2
1	2	2	1	3
1	1	1	1	2	2	1
3	2	2	1
4	1	1	2
1	2	1	2	1
1	3	3	2
2	1	1	2	1
4	3
3	4	1
1	2	1	4
1	3	1	3
2	1	1
1	1	3	1
7	2
3	4	1
1	2	1	1	1
1	3	1	1
1	4	4
1	1	3	1
4	1	1	3
1	4	4
$7
1	4	3	1
5	2	2	1
3	2	2	2
1	5
3	2	5
5	3
3	2
1	1	3	1
3	1	1	2
1	2	1
1	2	2	1
5	1	3
1	1	2	1	2	1	1
1	1	1	1	1
1	1	1	3
2	1	1
3	2	1	1
2	2	1	5
2	2	1
4	1	2	4
1	1	1	4	1
2	1	3
1	2	1	3
1	1	1	1	1
6	1	1
13
7	1
1	1	1	1	4
2	1	1	1
1	3
$8
1	1	1	1
2	4	2
3	2	1
2	3	1	3
1	1	6	2
2	1	2	2
1	1	1	1	1	1	3
1	2	4	2
1	1	1	3	1	1
2	3	3
3	1	3
2	1	1	2	1
1	1	1	2	1
2	4
1	1	1	2
2	3	2
1	1	1	1
1	2	2	1	1	1
3	1	1
2	1	2	2	1
1	1	1	1	1
1	2	1	1	1
3	1	1	2
1	1	1	4	1	1
2	4	1
5	3
1	2	1	1
1	1	1	4	2
5	2	3
1	10
$9
1	5
2	1	2	1
1	1	1	3	1
1	1	1	2
1	2	2	1	1
12	1
1	2	1	3
2	1	1	2	1
4	6
2	2	1	1
2	4	3
3	1	1	1	1
1	1	2
1	1	1	1	1
3	1	1	4
2	1	1
1	1	2	1	1	2
3	3	1	1
2	2	3	2
1	2	1	1
3	3
2	1	2	2
1	2	1	3
2	2	2	1	1
7	1	1	1
1	1	2	3	1
1	7	1
1	1	1	3	2
1	1	1	1	1
1	1	1	3
$10
3	1	2	3
1	4	2	1
2	1	1	1	3
1	1	3
1	1	1	2	1
3	2	1	1	1
1	1	4	2
2	1	3	1
1	3	1	3
2	4	2	1
2	2	1	1	2
1	6
1	1	4	3
1	1	1	1
1	1	2
1	1	2	4
1	1	1	1
7	1	2
2	1	1	1
3	1	2
1	2	3	1
1	1	2	3	1
2	6
2	3	1	2
1	1	1	2	4
1	1	2	1
2	1	3	2
1	4	1	1	1
1	2	1	1	1
2	3	2	1
$11
2	2	1	1
1	3	1	1	1
2	1	2
1	2	2	1
1	1	1	1	1	1	1	1
3	1	2
1	2	2	1	1
1	3	3	4
2	3	2
1	2	1	1	1
4	2	2
1	2	3	1
4	1	2	1
2	1	3	1	1
2	1	4
5	1	2	2
1	1	1	4
1	2	4	1	1
1	3	2	1	1
1	2	1	1
1	1	4
1	3	1	2	1
1	1	2	2
1	3	2	1
1	4	3
1	2	1	2	1
1	1	2	2
1	1	1	3	1
1	1	2	1
5	3
$12
3	1	1	2
1	1	1
1	6
1	2	2	2	2
2	2	1	1	1	1
1	2	2	2
6	3	1
1	2	1	1	2	1
1	2	3	1
1	1	2	4
3	1	2
1	1	1	2	1
2	1	1	1	2
1	1	2
6	1	2	1
1	1	3	1	2
2	2	1	3	1
1	4	1	1	1
2	4	1
1	4	1	1
1	5	1	1
1	1	1	1
1	1	4	1
2	1	1	2
1	1	1
1	2	1	2
6	3	1
3	5	3
1	2	1	2
2	2	1	1	1
$13
3	2	1
1	1	2
1	3	2
1	1	2	1	1
1	3	1	2	1
3	3	1
5	2	1
1	2	2	3	1
1	4	2
2	2	1	1	1
1	1	1	1
1	2	2	1
7	1	3
1	2	1	3	1
4	1	1	3	1
1	3	1	1	2
1	2	1	1
4	2	3
2	2	3
1	1	3	2	2	1
1	2	2	1
1	1	4	3	1
2	3	1	1
1	1	1	1
3	1	1
1	1	1	4
1	2	4
3	2	1	1	1
3	2
1	2	3	1	2
$14
1	1	2	4
4	2	2
1	1	1	2	1	1
2	1	4	3
1	3	1
2	1
1	1	3	1	1
1	1	2	1	1	2
1	1	2	3	1
1	1	2	2	1
1	4	5	1
1	3
3	1	2
1	1	3	1
2	1	1	1	1	2
3	2	1	3
2	3	1	1
1	1	3	1
4	2	1	2
3	1
1	1	2
2	1	1	2
1	3	2
4	3	1	3
3	1	1	2
5	2	1
1	3	4
1	1	1	2	1
5	1	1	1
2	4	1
$15
1	1	3
1	4	1	1
2	1	2	2	1
2	2	1	1	1
2	1	1
1	1	2	2
1	3	1	1
5	1	2
1	4	1	1	2
1	1	2
2	2	5	1
4	2	2	1
2	1	2	1	1
1	1	4	1
4	1	1	3
1	1	2	1	3	1
2	5
1	1	1	1
3	3	2	2
2	7	1
3	2	2
4	1	3	1	1
2	1	1	4
1	2	1	1	3
1	2	2
1	1	1	2	2
1
1	1	1	1
1	5	2
2	4	1	1
$16
1	1	1	1
1	2	1	1	1	2
1	2	6
4	1	2	1	1
1	1	1	1
1	1	1	3
1	3	1	2
1	2	1	1
2	3	3
2	2	1	1
1	2	1
1	2	3	1
6	2	3
2	1	3	3
2	1	2	1	2
1	3	1	1
1	2	3	1	3
1	1	3
1	1	5
1	1	1	1
2	1	2	4
1	1	1	1
3	1	1	3
5	1	3
3	1	2	1
1	1	1	1	1
3	2	1	3
1	1	1	1	2
3	1	1	3
2	1	2	1	1	1
$17
1	1	1	3
3	1	1
3	1	1	1	1
3	2	1	1
1	3	3
1	3	1	1	1
2	1	2	4
4	2	1	2
2	1	1
1	1	2	1	1	1
1	1	1	2	2	2
2	1	5
1	1	1	1	1	2
1	1	3
3	4	1
2	1	2	1
4	3	2
4	2	2	1
1	1	1	2	1
1	2	3	1
1	1	3	1
1	3	1	1
1	1	3	2	1
1	2	1
4	1	2	1	1
1	1	2
2	2	1	2
2	3	1	1
1	3	4
2	1	6
$18
2	1	1
2	1	1	1
1	6	1	1
1	5	1	1
4	2	1	1
3	1	1	1	1	1
3	5
1	2	2	5
1	1	2	2
2	1	2	1
2	2	2
1	1	1	2	3
1	3	1	4
1	1	1	1	2
1	1	1
3	1	2	3
1	3	1
5	3
3	2	1	1
1	4	3	2
1	2	1
6	2
2	1	3	2	2
1	1
4	3	5
1	1	3	1
1	1	1	1
1	1	1	3
1	1	6
1	1	1	2
$19
1	1	1	1	1	3
3	2	2	2
1	2	4	2
2	1	3
4	1	1
3	1	1
3	1	2	2
1	1	1	2	1
1	1	4
1	4	2	1	1
2	3	1
3	1	1
1	1	2	5
1	1	2
2	1	2	3
1	3	2	1
5	2	1
1	2	1	2	1
3	1	2	1	1	1
1	1	2	1
2	1	1	2
2	1	2	2
1	1	1
2	1	1	2
1	1	1	2	1	1
1	2	3	1	1	1
2	1	1	3	1
1	2	1	1	4
3	1	2	3
1	1	1	1
$20
2	1	1	1
1	3
4	1	1	1	1
1	2	1	6
1	1	1	1	2
1	1	1	3
1	7	1
4	1	1	3
2	1	3
1	1	4
1	1	1	4	1
2	5
1	5	1	1
3	1
2	1	1	1	2
1	2	2	1	1
3	1	2	1	1
2	1	1	2	1
3	6
1	1	3
3	2	1	1	2
1	1	1	2
1	1	1	5	1
1	1
6	3
1	1	2	3	1
1	2	1	3
1	2	1	1	1
2	2	1	1
2	1	1	1	1
$21
1	1	2	4
1	1	2	2
2	2	1
5	1	1
1	2	1	1	1	1
1	1	3	1	1
1	1	1	1	4
2	2	1	3	1
1	1	1	2
1	3	3
1	1	1	1	2
1	2	3	1
1	3	2	1
2	2	1	2
3	2	1	1
1	2	1	1	1
3	1
1	4	1
4	2	4
1	1	1	1	1	2
5	1	2
2	1	1	2
2	2
3	1	3	1
2	2	1	1
3	2	1
1	1	4
1	1	2	4
2	5	1
2	4	3	1
$22
1	3	1	2	1	1
1	3	1
1	2	1	1
1	1	1	2
1	1	2	2	1
2	1	1	1	1
2	1	1	2	2	1
1	1	1	1
1	1	2	2
2	2	2	1	1	2
1	1	2	1
2	1	3	2
2	2	1	1	1
1	3	3	1
1	2	3	1	1
1	2	1	7
1	2	1	2
1	1	1	1	1
1	1	1	2	2
1	2	1	1	1
1	3	1
1	2	2	1	1
1	1	2	6
2	1	1	2	2
1	3	2	3
2	1	1
1	1	1	1
2	1	1	1	2
2	1	3
2	1	1	1	1	1
$23
3	2	1	2
3
1	2	2	2
7	1
1	1	1	1	2
2	1	1	4	2
2	1	2	2
3	1	1	2
1	1	1	1	2
1	1	1	2
2	1	2
1	1	6
1	3	3	2
2	1	1	1
2	3	1	2
1	1	1	4	1
1	3	1	2	2
1	2	2	1	2
2	1
1	1	1	1	2
1	1	1	1
4	1	3
1	1	1	1	1
1	1	2	1
1	1	4
1	1	3	2
1	5	2	1
2	1	2	2
4	2	3	1
2	2	2	1
$24
3	2	2	1
1	1
1	2	1	2
1	2	4	1	2
2	1	1	1	2
1	1	1	1	1
5
3	1	1	4
4	2	1	1	2
1	1	1	4	2
7	1	3	1
2	1	1
1	2
1	1	1	2	3
1	1	1	1
1	2	4	1
1	2	2	1	2
1	1	2	2
5	4
1	1	2
2	1	3
1	3	3	1	2
1	1	2	1
1	1	9
1	2	1	2
1	1	2
1	2	1	1
1	1	2	1
3	3	1	1
1	2	1	2	1
$25
2	1	2	1
1	4	1	1
6	1
1	2	1	2	2
1	1	2	1	1	3
1	4	1
1	2	1	1	2
6	1	1
1	1	1	1	1
1	3	1	1
1	1	1	1	1
1	1	3	1	1	1
1	2	1	1
1	1	1	2	1
1	2	2	3
1	2	3	1	1
2	1	2	1	1
3	2	1	1
2	3	1	1	1
2	1	4	3
2	1	1	1	1
3	1	2
6	1	1	1
1	1	1	1
3	1
1	1	1	2
2	1	1
1	1	1	2	1
3	2	1
2	4	1	2	2
$26
4	1	1
4	2	1
1	1	1	1	1
3	1	2	1	3
3	2	1	1
1	3	2
2	3
2	2	1
1	2	1	1	1
1	1	2
3	2	4
5	4
2	5	2
2	1	1	1
1	1	2	3	1
2	1	1	1	2
1	2	1	2
2	2	2	1
2	1	1	1	2
5	1	2	1
2	2	3
1	1	1	3
1	1	1	4
2	1	2	1	1
1	2	1	1
3	1	2	1
1	2	1
4	1	2	1
2	1	1	4
2	3	1
$27
1	1	2	3
1	1	1	1	2	1
8	3
3	1
3	3	1	2
1	2	1	1	1
3	3	1	1	1
3	1	2
1	1	1	3
1	6	1
1	2	1
1	2	1
1	1	1	1	1	2
2	1	1
1	1	2	1	1	2
2	2	1
2	1	1	1
1	1	3	1	1
2	2	1	1	1
1	1	2
3	1	4	2
3	2	1	1	2
4	3	3
2	1	2
1	1	1	1
3	2	1
4	1	1	1
1	1	4
1	1	1	3
2	2	2	2	1
$28
6	1	1
1	1	4	1
2	2	1	1	1
1	2	1
2	1	1	1	1
1	1	1	1	2	1
2	1	2	1	1
1	1	2	2
1	1	1	1	1
2	1	4	1
3	3	2
1	4	3	1
2	1
2	5	1
1	1	1	2	2
1	1	1
2	6	1
1	1	1	3	2
1	2	1	2
1	1	1	2	1
1	1	1	1	1	1
3	2	1	2
1	1	2	2
1	3	7
1	1	1	3	1
2	1	1	1	1	1
1	1	1	2
1	3	1
1	2	1	1
3	2	1	1	1
$29
3	2	1	1
1	1	1	3
1	3	1
1	2	2	1	2
5	3	2
1	1	1	1
1	1	1	1	1
2	2	1	1	1	1
1	1	2
1	1	3	2
2	5	1
2	1	4
1	1	3	2
1	1	2	3
1	1	1	1	2
8	1	2
1	1	1	2	1
2	3	1	1
2	2	1
1	1	1	1
1	1	1	1	1
4	1	1	1
1	3	1	1	2
3	1	2	1
3	1
1	2	1
1	1	1	2	1
1	2	3	1	1
1	2	6
3	1	4
$30
1	1	1	1	1	2
1	1	1	1	2
1	1	2	1
1	2	1	1	1
2	3	3	1
1	3	1	2	1	2
2	1	1	1
2	1	1
2	3	2
4
1	1	1	1
1	2	4	1	1
2	1	2
4	5	1
2	1	3	2
1	2	2	1	1
1	1	1	1	4
1	1	2	1	3
1	1	2	1	1	1
3	1	2
1	2	1
2	2	1	1	2
1	1	1	1
6	3
2	1	1	1	2
3	2	1
1	1	1	1	2	1
1	1	2	1
2	1	1	1
2	2	1	1	2
$31
1	1	2	1	1
1	1	1
3	3	1	1
2	1	1	3
4	1	1	1
1	1	1	1	2
2	1	1
1	2	4	2
2
2	3	1	1
1	1	4
2	1	2	2
1	1	3	1	2	1
2	1	1	1	1
1	1	5	3	1
1	1	2	3
3	2	3	1
3	1	1	1	1
1	2	1	1
2	1	1	2	1
1	1	4	1	1	1
1	2	2	3
1	1	1
1	1	1	1	1
1	1	1	1	1
4	1	2	1
2	3
1	3	1	1
1	1	1	1	2	1
1	2	3	1
$32
2	3	2	3
2	4
2	2	1
1	3	2	4
1	1	4	2
1	2	1
1	2	1
3	1	1	2	1	1
1	6	2
1	1	1
1	2	1	1
1	1	1	3	1
2	2	2
1	3
1	1	1	1	2	2
1	2	3	2	1
1	1	1	1	1
3	2	5
1	1	2
2	2	1	1
3	2	1	1
1	4	1	2
1	2	4	1	1
2	1	1	1	3
2	1	2	2	1
1	2	3	1
2	1
1	1	1
1	1	1	2	1
1	2	1	1
$33
3	2	1	1
1	1	2	1
7	1	1
2	1	1	2	1
1	1	4	2	2
2	1	1	3
1	1	1	1	2
3	1	1	1
3	1	1	2
1	1	1	1
2	2	1
2	3	2
2	1	2
1	2	1	1	1
1	1	1	1	2
3	1	2
3	3	1	2	1
1	1	2	2	2	1
1	2	1	1	1
3	3	1	1
1	1	1
5	4	1
1	1	1	1
2	1	1	1	2
1	1	1	2
4	1	2
1	4	1	1
1	1	1
3	1	1	1
1	1	2	2
$34
3	2	1	1	1
1	1	1
1	2	2
2	1
2	1	1	1	1
1	3	1	1
2	4
1	3	1	1	1
1	6	1	3
2	1	1	1
1	3	1	1	1
1	1	1	1	1	1
1	1	2	1	2
2	6	2	1
1	1	2	2
1	4	2
1	1	1	1	1
1	2	2	1	1
1	2	1	2
1	2	2
1	1	2	1	2
6	7
1	1	2	2
1	1	2	2
4	1
1	2	1
1	1	2	1	2
1	1	4
1	1	1	4	1
2	1	1	1
$35
2	1	1	1	3
2	1	2	1
1	3	2
1	1	1
2	1	1	1
1	1	1	1	1	1
1	1	1	2	2
1	2	2
1	2	1	2
1	1	2	1	2	1
1	1	1	1	1	1
3	3	4	1
2	3	4
1	2	2	1
1	1	1	2
1	1	2	2
2	1	3
1	2	5	1
1	1	1	1	2
1	1	2	4
1	1	1	1	2
1	2	3
2	2	1	1
1	1	3
1	1	2	1	3
1	2	3
2	3	1
2	2	1
1	1	1	1
2	2	4	2
$36
2	1	1
2	1	2	1
1	1	2
1	2	1	1
1	1	1	1	1
2	1	4	3
2	2	3
2	2	1	1
4	1	2
1	1	2	1
10	1
1	1	1	3	1
1	1	3	3
3	1	1
1	1	1	1	1	1
1	1	3
1	5	1	1	1
2	1	1	1
1	1	4
1	1	1	1
1	2	1	1	1
1	4	4
3	4	1	1
1	1	1	4
1	1	3
1	5	2	1
3	1
2	2	1	1	1
2	1	3
1	1	1	1	1
$37
1	4
1	2	2	3
1	1	1	4
3	2	1	1
1	4	1	1
2	2	2	2
2	1	1	1
2	2	2
1	2	1
3	1	1	2
1	1	3	1
3	2
1	1	1	2	2
3	1	1	1	1
3	1	1	1	1
1	3
1	1	3	2
1	2	3	1	1	2
1	1	4
1	2	1
1	7	1
1	2	2
1	2	1	1
3
1	1	1	2
1	1	1	3	1
1	4	1	3	1
3	1	1	1	1
3	1	1	2
2	2	2	1
$38
3	1	1
1	1	1	1	1	1	1
2	2	1	2	1
1	1	1	2	2
2	1	3	1
3	1	2	2
1	3	1
1	2	1	1
1	2	2	1	1
4	1	1	1
1	1	1	1
1	3	1	1
2	2	1	2
1	2	1	1
1	2	1	2	1
3	2	1	1	1
1	1	1	1
1	1	2	1	3
2	1	1	5	1
2	1	1	1	1
1	1	1	1	2
3	1	1	1	1
1	1	1
3	2	3	1
1	1
1	1	1	3	1
1	1	1
5	4
1	1	4
3	1	1	1	1
$39
2	2	2	2
1	1	1	1	1
1	1	2	2
2	2	1	1	1
2	1	1
3	1	1	1	1	1
1	4	1	1
1	1	1	1	2	2
2	1	1
1	1	1	3	1
2	2	2	1
5	1	1
3	4	1
1	2	2	1
2	1
1	3	1
3	1	1	2
2	1	1	1	1
1	1	1	1
1	2	1	5
2	1	1	1	4
1	1	2
2	3	2
1	1	1	1	1	1
1	2	1	1
1	2	3	3	1
2	1	1
1	3	2	2
4	1	1
1	2	2
$40
1	1	2	1	1
1	1	1	3	1
1	2
1	1	1	1	5
2	2	1	1
1	1	1
6	2	1
2	1	1	3
3	1
1	1	1	1	1
3	1	1
8
1	6	3
1	1	1	1	1
1	4	1	1
1	1	1	1
1	2	4	1	1
1	3	2
2	1	1	3
1	3	1
1	5	2	1
1	1	1	4
3	2	1
1	2	2	2
1	2	2
1	2	2	1
2	1	1	2	2
1	2	1	1
1	3
1	1	1	2	1
$41
1	3	1
2	1	3	1
5	1	1	1
3	2	1	1
1	1	1	1	2
2	1	1	2	1
1	1	3
1	2
2	2	2	1
1	1	4	1
2	2	1	1	1
3	4	1
3	2	1
1	2	1	2	1
1	2	1
2	2	1	1
3	2	1	3
3	1	4
1	2	4
1	2	1	2
2	1	2	1	2
1	1	2	1
1	4
4	1	1
1	2	2	2
2	1	1	1
2	3	2
1	1	1	2
3
3	4
$42
1	1	1	1	1	1
2	3	1	1
2	2	1	1
4	1	1	1
2	1	1	1
4
1	1	3
1	2	1	2
2	1	1	2
1	1	2	2
2	1	1	1
1	1	1	1
1	1	1	5
1	2	8
1	1	1	3	1
2	2
1	3	1	1	1
4	2
1	1	1	2	2
4	1	2	1
1	2	1	2
2	1	2	1
1	2	2	2
1	5
1	2
2	1	2	2
1	3
1	1	3	2
1	4	1
3	1	1	1	2	1
$43
1
1	5	1
1	1	3	1
1	2
1	4	1	1
1	1	1
3	2	2	1
4	2	3
1	3	2
4	2	3
2	1	4
1
1	4	2	1	1
3	3	4	2
2	1	1	1
1	2	2	1
1	1	2	2	3
4	2
1	1	1
2	4
1	1	3
5	2	2
2	3	1	1
2	1	2
1	1	2
1	2	3	2
2	5	1
1	1	2	1
2	1	2	1	1
1	1	3
$44
1	2	1	2	4
1	1	1	3
1	1	1	3	2
3	1	4	1
1	1	2
1	1	2	1	2
4	1	1
1	1	2
3	2	3
1	2	1	2
1	3	1
2	1
1	1	3	1
1	1	1	1
1	1	3	1
3	2	1	1
1	1	1	2
1	5	2	2
2	1	1	3	2
1	1
1	3	1
1	2	2	1
3	1	2	3
1	1	1
1	2	1	2
3	1
1	1	2	2
2	1	2	1
3	2	2	1
3	1	1	1
$45
2	2	1
1	1	1	1	1
4	4
1	1	1	1
1	2	1	1
1	2	1	1	1
3	2	2
2	1	1	3
2	5	2	1
2	1	1
1	1	1	3
1	3	4
2	1	1	3
1	2	2
1	2	2
2	1	1	1
1	2	1	2
1	1	4	1	1
1	3	2	1	1
1	1	1	1
2	1	1	5
3	1	2
2	1	1	1	1
1	1
1	1	2
1	1	2
3	1	1	3
1	3	2	1
2	2	3	1
1	1	2	2	1
$46
1	1	1	4
2	1	2
4	1
2	1	1	1
1	2	1	1
1	3	1	1	1	1
1	2	1	3
3	2	1
1	1	1
1	3	2	1	1
2	2	1	1	1
4	3
2	5	2
2	1	1	2	1
2	1
1	1	2	1
1	1	1	1	1
1	1	1	1	1
3	3
1	1	4	1
1	2	1	1	2
1	2	1	2
2	2
1	1	1	1	1	1
2	1	1	2
3	1	5
1	1	2	2	1	1
1	1	1	1	1
4	4	1
1	1	1	1
$47
3	2	1	1
1	3	2	1	1
3	1
1	4	1	1
2	1	1
1	1	1	2	2	1
1	2	1	1
1	1	1	1	1
1	3
1	1	2
1	1	1	2
1	1	3	1	1
3	1	1	1
1	2	5	1
3	4	1
1	2	3
1	1	1	1	1
1	1	3
1	2	1
2	1	1	3
4	1	1
5	1	1
2	2	1	1
2	1	2	1	2	2
2	2	1	1	1	2
1	2	2
2	1	1	1	3
3	1
2	1
3	2	1
$48
1	1	1	1
1	2	2	1
1	1	3	1
1	1	1	1
1	1	1	2	1
1	1	2	1	4
1	2	1
3	2
3	1	2	1	1
2	1	2	1
2	1	2	1
1	3	3	1
2	1	1	1
1	2	3	1
1	1	2	1	2
1	2	2	1
1	3	1
1	2	2
1	1	2	1
1	1	1	2
3	4	1	1
2	4	1	2
2	1	1	1
1	2	1	3
1	3	2
1	2	2
1	2	1	1	1
1	3	2
1	1	2
1	3	1	2	1
$49
1	1	2	1	1
3	1	2	4
3	1
2	2	3	1
1	1	1	3
1	2
2	1	2	2	1
1	2	1	4
1	1	1	2	1
1	1	1	1	1	3
1	1	1
2	1	2	2
1	1	1	1
3	1	1
2	1	1
1	2	1	1	1
2	1	1	2
2	2	1	3
1	1	2	2
1	2	1	2
1	1	3	1
1	1	1
1	1	2	2	1
2	1	2	1	1
1	1	1	1	1
1	2	4	1
1	2	4	1
1	1	1	1	1
2	1	1
1	1	3
$50
1	1	1
1	1	2	2
3	1	1
1	5	1	2
4	2	1
2	4	1	1
2	3	1
2	2
1	1	3	1
1	1	1	1	1
1	2	1	3
1	2	1	2
1	1	4	2	1
1	3	2
1	1	1
3	2	2
2	2	1	1	1
1	1
2	2	1	1
1	2	1
1	2	1	1	1	1
1	3	3
3	1	1	2
1	1	1	1
1	1	2	1	1
1	1	3	2
1	2	5
1	1	2
1	1	5
1	2	1	1	1	1
$51
1	1	1	1
1	1	2	1	1
1	1	2	1	1
1	1	1	1	1
1	2	1	2
1	2	3	1	1
1	1	1	3
2	2	1	1
1	1	1	1	1	1
1	1	1	1
1	1	1	2
2	4	3
1	1	3	1
1	3	1	1
1	2	1	2
3	2	1	1
1	3	1	1
1	1	1	1
1	3	1	2
1	1	1	1
3	2	1
3	1	4
2	4	1
1	1	1	1	1
1	1	1
1	1	3
1	2
2	3	5	1
1	1	1	2	1
1	4	2
$52
1	1	1	1	3
1	1	3	2	1	1
1	1	3	1
1	1	1	1	1
1	1	3	1	1
1	2	1	1
1	1	3
1	1	4
1	2	1
1	2	2	1
1	1	1	2	1	1
1	3	1	2
1	1	1
2	1	2	1
2	1	3
4	1	1	1
1	1
1	2	1	2
2	1	1
1	1	1	2	1
1	1	1	1	1
1	2	2
1	1	1	3
1	1	2	3
1	2	2	1
4	1	1
1	3	2	1	1
5	2	1	1
1	3	1	1
3	1	2
$53
1	1	6
2	1	1	1	2
1	1	2	1
2	1	2
1	1	1	2	1
1	1	2
1	2	1	1
4	1	1
1	1	2	3
1	1	1	1
2	1	1	5
2	1	1	3
1	2	1	2
1	1	1
2	1	1	1	1
1	2
1	1	3	1
2	1	3	1	1
2	3	1	1
1	1	1	2
1	1	1	1	1
1	3	1	1
1	2	1	2
1
3	1	1	1	2
1	1	2
2	1	1	1	1	1
1	4
2	3	2	3
2	1	1	2	1
$54
1	2	1	4
1	1	1
1	1	2	1
2	1	1	1
2	1	1	1
1	3	1	1
3	2	2	1
1	1	1
2	2	1	1	1
3	5	2
3	3	1
3	2	1
3	1	1
4	1
3	1	1
2	1	2	1
1	1	2	2	1
1	1	1	2	1
1	1	2	3
1	1	1	2
1	3	3
1	1	2
1	1	1	1	1	1
1	3	2
1	1	1
3	1	1	3	1
1	1	1	2
1	1	1
1	1	1	2	1	1	1
1	3	2
$55
2	2	2	1
1	1	1
1	1	1	1	1
2	2	1	2
2	1	1	2
1	3	1
1	2	1	2
1	1	1
1	1	1	1
1	1	1	4
2	3	4
1	1	2	2	1
2	3	1	1	1
3	1	1	1
2	1	1
1	2	1	2
5	6
1	1	1	2
1	1	2
1	1	2	1
2	4	1	2
1	1	2	2
3	1	1
1	1	1	1
1	1	1
5	2
1	3
2	1	1	3	1
1	2	2
2	2	1
$56
2	1	2
1	2	1	3
4	1	2	1
1	2	4	1
1	1	3
1	2	1	1	2
1	1	1	1
1	1	1
2	1	2	1	3
1	3
1	1	1
1	2	1
1	1	1	2	2
5	1	3
1	2	1
2	2	2	1
1	1	2	1	1
1	4	1	3
1	1	1	2
1	1	1
3	1	1	2
1	1	1	1	1
1	2	3
1	2	3
5	1
5	1	2
1	1	2
3	1	1
1	1	1
1	1	2	3
$57
1	1	2
2	2	1	1	3	1
1	1	1	2
2	4	1	1
2	1	1	2
1	2	1	1	2
1	1	1	1	1
2	2	1
1	1	1
2	1
1	1	3	1	2
1	2	3	1
1	1	3	1
1	1
1	1	1	1	3	1
2	3	2
1	2	1	1	2
1	1	1
2	3	1	1
3	1	1	3
1	1	3
4	2	1	1
1
1	3	1	1	1
1	1
2	1	1	5
2	5	3	1
1	1	1	1	1
1	1
1	1	1	1	1
$58
1	2	1	3	1
3	1	1
2	1	2
1	2	2	3
5	1
1	1	1
1	2	1
1	1	2	1
1	1	1	1	1	1
1	1	1
1	6
1	1	1	3
1	1	4	1	1
1	5	2
1	1	1	1
1	1	3	1
1	1	1
1	1	1	1	1	1
2	1	1	1
2	1	1	1
1	1	3	1	2
3	1	2
1	2	1	2
1	1	2	1	3
1	1	1	3
1	1	1	1
1	1	4
4	3
1	1	1	1
1	1	1	1	2
$59
1	1	1	5
2	1	1	3	1
1	1	4	1	1
2	1	2	2
1	6
1	1	1
2
1	1	1	1
1	1	1
1	2	5
1	1	2	1	3
2	1	1	1
1	2	3
2	1	1	1
3	1
2	1	2	1
2	1	1
1	3
3	1	1	1
1	1	1	1
1	3	2
2	1	1
3	1	1	1
4	2	3	1
5	1	1	1
1	1	1	2
1	1	2	2
1	3	5
1	1	1	1
2	1	1
$60
2	1	1	1
1	3	1
1	3	1	1
1	1	2	1
4	1	1	1
1	1	1	1
1	1	2	1
2	3	1
1	1	1	2	1
1	1	1	1	2
6	3	1
1	1	2	2
1	1
2	1	2
1	1	4	1
2	1	1
1	1	2
1	1	3
1	3	1	1	1	1
3	1	1	2	1
2	1	2	5
1	3	1	1
1	5	2
1	1	1	1	1
2	1	1	1
1	2	1
2	1	1	1
1	2
2	1	1
1	1	1	2	1
$61
1	1	3
1	2	1
1	1	2
1	1	1
1	1	2	1
3	1	1	1
3	1	1	1
1	4	1	1
2	2	1	1	3
3	1	1
1	1	1
5	3	3
3	1
2	1	2
1	2	1	1	1	2
1	1
1	2	2
1	2	1	1	1
1	1	1	1
1	1	3	2	1
1	1	2
1	1	2	3	1
1	2	1
2	1	1	1
1	1
2	1	1	5
2	1	1	1	1
1	1	1	2	1
1	1	1	1	2	1
3	1	3	1	1
$62
1	3
1	1	1	1	2	1
3	4	1	1
2	4
1	2	2	1
2	3
1	2	2	3	1
1	1	1	1
2	2
1	1	2
1	1	1	1
4	2
1	1	1	1	1
1	1	1	1	1
2	2	2
3	1	1
4	1	2	3	1
1	3	2	1	2
1	1	1	1
1	2
3	1
1	1	3	1
3	1	2	1
2	1	1
1	1	1
4	2	2	1
1	2	1
1	1	2
1	2
2	1	2	3
$63
1	1	1	1	1
1	2	1	2	1
2	2	1
1	1	1	1	2
1	2	1
5	3	1	1
2	1	1
2	4
3	1	1
3	1	1
1	2	1
2	5
2	1	1	1	2
5	1	1
1	1
1	1	2
1	1	2	2
2	1	1	2
1	1	1	1	1	2
1	3	1	1
1	4	1	2
1	2	1	1
1	2	1	3
3	2
4	2	1
1
1	1	2	1	3
2
4	3
2	1	1	1
$64
1	2	2	1	1
1	1	1	1	1
6
1	1
1	2	1	1
2	1	1	1	1
1	6	1
1	4	3	1
1	1	1	1	1
2	3	3
1	1	1	1
1	1	1	1
2	1	1
1	3	1	1
1	1	1	1
1	6
1	1	1	1
2	1	1
1	1	1
2	1	1	2	3
1	3	1
3	1	2
1	1	1
1	1	4	1	1
3	1	2	1
1	2	1	1
1	3	1	1
2	1	1
1	1	2
2	1	3	1	1
$65
2	1	3	1
2	1	1
1	1	2	1	1
2	1	1	1
2	2	3
4	1	1	1
1	3	2
3	1	1
1	1	1	1	1
1	1	1
2	2	2
2	1	2
1	1	1	1	1	1
2	1	2
3	2	1
3	1	1
2	1	1
2	2	1	2
1	2	1	1	3
1	1	2
2	1	1	1
1	1	2	1	1	1
1	1	2	1
1	5	1	1
1	2	1
1	1	2	1	2
1	1	1	2
2	1	1
2	1	3	1
1	2
$66
1	1
3	1	1	1	2
1	2	1	1
1	2	1	1	1
2	2
1	1	3	1	1
1	1	2
1	1	2	1	1
2	1	1	1
1	1	4	1
1	2	1
2	1	1	3
2	1	1
1	1	1	1	1	1
2	1	1	3
1	1
1	1	6
3	1	2	1
1	1	3	1
2	1
1	2	1	1
1	2	2
1	5	1
1	1	1	1
1	3	2	3
2	1
1	1
1	1	2	1	1	2
1	2	1
2	1	1	1	1	3
$67
2	1	1	1
2	2	1
2	2
1	1	1	1
2	3	1	1	1
1	1	1	2	2
1	1	1	1
1	2	1	2
1	1	1	1	1
1	1	3	1
1	1	2
2	1	4
3	2	1
1	1	1	1	2
4	1
1	1	1
1	1
1	3	1	4
1	1	2	1
1	3	1	1
4	3	2
2	2	1
2	1	1	1	1
2	1
1	1	1	1	1
1	1	1	3
2	2
2	2	3	1
1	2	4
1	2	1
$68
1	1	3	1
1	3	3
1	2	1
1	2	2	1
1	1	1	2
4	3	3	1
1	2	1
2	1	1	1
1
3	2	1	1
2	1	1
5	1	2
1	1	1	1	1	3
1	1	2
1	1
1	3
1	1	1	3
1	3	1	2
1	2	1	1
1	1	2	2
1	1	2	1
3	1
1	2	3	1
1	1	1	1	1
3	3
1	1	1	3
1	1	2
2	1	2
2	1	1	3
1	3	1
$69
1	1	1	1	1
1	2
2
2	1	1	2
2	1	5
1	1	1
3	4	1
1	1	3	1
2	1	1
3	2
1	1	1	1
2	1	8
1	1	1
1	2	2	1
2	1	2	1	1
1	2	1
2	4
1	1	1	1
1	1	1	1
1	1
3	1	1	1
1	1	1	2
1	1	2	2
1	2
1	4	1	2
2	1	2	1	2
1	1	1	2
1	3	1	1	2
1	3	1	1	2
1	1	1	1
$70
1	1	1	1
2	1	2	1	1
1	1	2	1	1
1	1	1	1	1
1	1	4
1	1	1	3
2	2	1	1
1	1	1
1	2	1	1	1	1
3	3	1	1
2
2	1	1
3	4	1
1	2	1
1	4
1	1	2	3
1	1	1	2
1	2	1	1
2	1	2
4	1	1	1
1	2
3	1	2
1	2	1	2
1	2	1	1
2	1	2
1	1	2	1	1
1	2	1
1	1	3	1
1	1	1	1	1
2	1	2	1
$71
1	2	1
2	3
1	3	1
1	2	1	3
1	1
3	1	1
2	1
1	1	1
1	1	2	2
1	1	2	1
2	1	4
5	1	1
3	1	1	1
8	1	1
3	1	1
1	1	1
1	6
5	1	4
2	1	1	1	4
2	2	1
1	2	1	1
1	1	1	3	2
1	2	1	1
3
1	1	1
1	1	6
4	1	1	1
1	1	1
1	1
2
$72
1	1
1	1
1	1	3
3	2	1
1	1	2	2
1	1	1	1	2
1	2	3	1	1
1	2	1
2	2	2	1
1	1	2
1	2	2	1	2
1	2	2	1	1
2	2	1	1
1	2	1
1	1	1	2
4	1	1
1	1	4
1	2	1	1	1
2	1
2	1	2
3	1	3
1	1	2
1	2	3	1
2	3
2	1
1	1	1	1	1
1	4	1
1	1	5
3	1	1
1	1	1	1	1
$73
3	1	1
2	2	1	1	1
1	1	1	1	1
1	2	1	1
1	1
1	1
2	1	2
1	1	1	2
2	1	2
2	1	2	1	3
1	1	1	2	2
2	2	2
1	1	1
4	1	2	2
1	1	1	1
2	1	1
1	1	2	3
1	1	1	1
2	2	1	1	1
2	1	1	2
1	3
1	1	1
2	1	2	1
1	1	3	1
1	2	2
1	1	3
1	1	1	1	2
1	2	1	1	1
2	3
2	2	1
$74
1	1	2
2	1	1
2	2	1	1
2	3	1	1
1	1	2
2	3	3	1
2	2	2	1	2
1	1	1
1	1	1
2	1	2	2
1	1	1	3
1	1	2
1	1	1	1
1	2	1	2
1	1	1
1	3	3	2
2	3	1
3	1	1	1
1	2	2	1
1	1	2	1	3
5
1	1	2
1	3	1	3
1	2
1	1	1	1
1	1	1	1	1	1	2
1	2	1
1	2
1	1
1	2
$75
2	1	1
1	1	1	2	1	2
4	1	1
1	1	1	1	1
1	1	1	4
1	3	1
1	1	1	1
2	1	4	1
2	1
1	1
3	1	1
3	2	1	1
1	4
1	2	2
1	2	1
1	1	1	1
2	1	2
4	1	1
1	1	2
1	1	1	1	1
3	1	1	2
1	1	1	1
1	1	2	3
3	1	3
1	1	1
1	1	2
1	1	1
2	1	1
2	2	1
2	2	6
$76
1	1	3	1
1	1	1	1	2
3	1	1	2
1	2	1
1	2	1	2
1	1	2
2	1	2	2
1	1	1	3
1	1	1
1	1	3
2	3	1
1	1	1	1
1	2	1	2
3	1
2	1	1
1	2	2	1
1	1	1	1
1	2	1	1
1	1	1
1	3	1
1	4	1
1	1	1	2
1	1	1	3	2
1	2	1	3
1	3	2
1	1	3	2
1	1
1	1	1
2	1	1	1	3
2	1
$77
1	1
2	2	1	1
1	1	1	3
4	1	2	1
1	1
1	1	2	1
4	1	1
1	1	1	1	1	1
2	1	1
3
2	1	1	2
2	2	1
2	1	1
1	1	1	1	1	2
3	2	1	1
1	4	1	1
1	1	1	1	1
2	1	2	2
2	2	1	1
3	1	3
1	2	1
3	1	1
1	2	1
1	1	1	2
1
1	1	3	1
1	1	2	1
3	1	1
1	6
1	1	1
$78
2	1	2
2	2	1
2	1	1	3
2	1
2	1	1	3
2
1	1	1	1	1
1	2	1	1	1
1	1	1
1	3	1	1	1
1	3	1	2
1	2	3
1	1	3
1	1	2	1
4
1	1	2
3	1	1
3	1	1	1
1	1	1	1	1
1	2	2
1	1	1
2	1	3	3
1	2	1
1	3
1	1	2	1
1	1	1
1	1	1	1
1	1	1	2	1	1
3	1	2
1	4	1	1
$79
1	3	1	1
1	1	2	2	1
1	1	1
2	1	2	2
1	1
1	1	1
1	1	1	1	2
1	3	1
2	2	1
3	2	1	2
1	2
1	2	1	1	1
1	2	1	1
4	1	1
2	2	1
1	1	2	1
1	1	3	2
2	1	2
1	1	1	2
1	2	1	3
1	1	1
2	2
2	1	1	3
1	3	1	1	2
1	1	1	1
1	1	2
1	2
1	1	1	1
1	1	1	2
1	3	1	1
$80
2	1	1	1	1
1	4	1
1	1
2	1	4
1	2	1
1	1	1	2
1	3	1	2	1
2	1
3	1	1
1	1	1	2	2
1	1	1	1
2	3	1
1	1	2
1	1	1	1
2	1	1	1
1	1
1	1	2	4
1	2	2	1
1	5	1
1	1
1	1
3
1	1	1
2	3	3	1
1	1	1	1
1	1	5
1	2	1	3
1	1
1	2	1	2	1
3	2	1	1
$81
2	2	1
1	1	2
1	3	2	1	1
1	1	1	2	1
1
1	1	1	1
1	1	1	1
2	1	1	2
1	4
1	2	1
3	2	1
1	1	2
2	2	2
5	1	1
1	1	1	1	2
1	1	1
2	1	1	1
1	1	1	1
2	1	1
1	2	1	1	1
1	1	1	1	2
5	1	3
1	2	1	1
1	1	2	1	2
1
2	3	1
1	1	5	1
1	1	1
1	1	1	1
1	1	1	2
$82
1	4	2
3	2	1	1
2	1	2
1	1	1
2	1	1	1
1	2	1
1	2	4
1	1	1	1
2	1
1	1	1	1	1
2	1	1	1	1	1
1	1	1	2	1
2	2
1	1	1
1	1	1	1	1
4	1	1	1	1
2	1	1
2	1	1
1	2	1
1	1	3	1	1
1	1	1	1	4
1	1
2	1	1	2	2
3	3	1	1
1	1	1
1
1	1	2
3	1
1	1	1
1	1	1	1	3
$83
2	1	1	1	1	1
1	1	1	2
1	3	2	1
1	2	2
3	1
2	1	1
1	1	1	1	1
1	1	1	1
1	2	1
1	2	1	1	1
1	3	1	2
1	1	1
1	1	1	1
2	1	1	1
1	4
1	1	2	1
1	3	1	1
1	2	1
3	1	2
1	1	1	2
1	1	3
2	2
2	1	1	2	1
4	1
4
1	2	1	1
1	1	1
1	1	1	1
4	2	2
1	1	1	1
$84
2	1	1
1	3	1	1
1	1	2	1	2
1	1
1	3	3
1	1	3
3	1	1	2
2	4
2	3	1
3	1	1
1	2	1
2
1	1	1	1
1	3
2	2	1
1	2
1	1	2	1
1	1	1	1
1	1	1
1	1	2	1
1	1	1	2
2	1	1
1	1	2	1
2	1
2	1
2	1	2	1	1	1
1	1	3	1
1	6	1
1	1	2	2	1
2	1	1	1
$85
1	1	2	1
1	2
1	2	2	1
3	1	1	2
2	1	1	1	3
3	1
2	1	1	1
1	1	1
2	1
1	2	2
2	2	3
1	3	1	1	1
2	1
1	1	2
1	2	1
1	2	1
5	1
1	2	2	1
2	3
1	2	1
1	1	2	1
1	2	1
2	2
1	1	2
1	1	1
1	1	1
3	1	2	2
1	1	2	1	1
3	2
1	1	1	2	2
$86
1	1	1	2
1	2	1	1
1	1	2
2	2	2
1	1	1

1	4
1	2
2	1	5	1
1	1	1	1
1	1	1	2	1	1
1	1	1	2	1
2	1	1	1	1
1	2
2	3	1	1
1	1	2	1
1	1	1
2	1	1
1	1	1
1	2	8
2	1
1	1	1
1	4	2
2	2	1
1	1	1	2
2	1	2	1
3	1	1
1	1	1	4
1	1
1	2	1
$87
1	1	3	1
2	1	1	1
2	1	1
1	1	2	1
1	1	1	1	1
3	1	1	1
2	2
1	2	1
1
2	1	1	2
1	3	1	2
1	1	2	1
1	1	1	1	1
1	1	2	1
1	2	2
2	1	1
2	1	1	2
1	1	1	2
1	1	1	2
2	1	1	1	1
1	1	2	1
2	2	1	1
1	2	3	1
1	1
2	2	2
1	1	1	1
3	1	1	2
1	1	1	1
1
1	1	3
$88
1	1	1
1	1	1
2
1	2	1	3	1
1	2
1	1	1
3	1	1
1	1	1	1
2	2	3	1	1
2	2	1	2
1	1	2	1
1	2	1	1	2
1	1	2
1	2	2
1	2	1
1	1	1	1
2	2	1
1
1	2	1
1	1	2	1
1	2	1	1	2	2
1
1	1	2	1	1
2	1
1	3	1	2
2	1	1	1
1	1	1	1	1
1	1	1	1
1	1	6
1	2	2
$89
1	2	5
3	2	3
1	2	1	1
1	2	1
3	1	1	1
1	1	1
3	1	1	1	1
2	1	2	1
1	1	1	1	1
1	2
3	1	1
1	1
1	1	3	1
1	1
1	1
1	1	2	1
2	5	1
2	1	1	1	1	1
1	2	1
1	1	1	1	1
2	1	1	1	2
1	1	1	1
1	1
1	2	1
2
2	2	1
2	2	1	1
2	1	1	1
1	1	1	1
1	2	1
$90
2	2	1	1
2	1	1	1	1
3	3	1
3	1	1	2
1	1
1	3	2
1	1	1	1
1	1	1
2	1
1	2	2
1	2	1	1
1	3	1
1	2
2	2	1	1	1
1	1	1
3	1	3
3	2	1
2	3
1	1	1	1
2	1	1	4
1	2	1	2	2
4	2	1
1	1
1	1	1
1	3	2	1
1	1	1	1
1	1
1	2	1	1	1
1
2
$91
1	2	2
1	4	1	1
4	1	1
2	2	3	1
1	2
1	1	1	2	1
1	1	1	1
1	1
1	2	1
1	1	1	1
1	1
2	2	1	2
1	2	1
1	1	3
1	1	1	1
1	3	1	1	1
2	1	1
2	1	1
1	1	2	1	1
2	1	1	1
1	1	1	2
5	1	2
2	1	1
1	2
1	1	1	1	1
1	2
1	1	2	1
1	1	5
1	1	1
2
$92
1	1	1	2
1	1
1	3	2	1
1	1	1	1
1	1
1	1	1
1	1	1	1	1
3	2
2	2	2
1	3	2	1
1	3	1	1
1	4
1	1	1
1	1	1	1
1	1	2	1	1	1
1	1
1	2	4
1	1
1	1	3
1	1	1	1
1	1	1	1
1	3	1
1	1	3	1
2	2
2	1
3	1
1	1	2	3
1	1	2	3
2	1	2	1
2	1	2
$93
1	1
1	1	1

1	1	1	3
1	1	1	1
1	1	1	1	1
1	1	3	1
2	3	1	2
1	1	1
1	1	3
1	1	2	1	1
3	1	1	1
1	2	2	1
3	1	3
1	2
1	1
1	2
1	2	1	2
1	1	1	1	2
1	2	2	1
2
1	2	1	1	1
2	1	1
2	1	1
2	1	1
2	1	1	1	1
1	1	2	1	1
1	1	1	1
1	2	3	1
1	1	1	1
$94
1	4	2	1
2	1	1	2	1
3	1
1	3	1	1
2	1	1	1	1
1	1	2
1	1	1
1
2	1
2	3	1	1
1	1	2
1	2	1
1	1	1
1	2
2	1	1	2	1
2	1	1
1	2	1	2
1	2
1	2	1
5	1	1	1	1
1	2	1
1	3	1	1
2	1	1
1	1	1	2	1	1
1	1	1
1	1	1	1	2
1	1	1
1	1	1
2	3	1
1	1
$95
3	1	1
1	2	1	1	1
3	1	1
1	2
3	3
3	1
1	1	1	1
2	1	1
3
1	2	2	1	1
1	1	1	1	1
2	1	3
1	1	3
1	1	1	1
1	1
3	1
1	1	1	1	2
3	2	1
1	1	1	4
1	1	2	1
1	1	1	2
2	1	2	1
2
1	1	1	1
1	1	1	1
1	2
2	1	4
1	2
1	1
1	1	2	1
$96
1	1	1	1	1
1	1	1	1	1
1	1	1
1	1	2	3
2	1	1
2	1	1	2	1
1	1
1	1	3
3	1	1	1
1	1	1	1
1	3	2	2
2
2	1	1
1	1
1	1	2	1
1	1	2	1	1
1	2	1
1	1	1	1	1	2
1	2	1
1	1	1	1
1	1	1	2	1
1	1	1
1	3	1
1	1	1
1	1	1	2	1
2	1	1
2	1	1	1	1
2	1
2	3	1
1	1
$97
1	1	3
2
1	1	1
2	1	1
1	1	2	3
2	3	1
2	1
1	2	1	1	1
1	1	1
1	1	1	2	1
1	3	1	1
1	1	2
1	1	1	1
1	2	1
1	1	2	1
1	1	1	2
2	1
2	1	2	1
1	1	1
1	2	1	1
1	2	1	3
2	1	1	1
1	2	3
3	1	1	1
1	3	1	1
1	1	2
1	4
1	1
1
2	1	1
$98
1	2
1	1
1	1
1	2	1	2
2	1
2	1	1	2
1	1	1	2	1
3	1	1	1
3	1	3
2	2	1	2
1	1	1	1
3	1
2	2	1	1	2
1	1	1
1
2	1
1	1	1	1
3	1
1	5	1
1	1	1	1	1
1	1	3
1	1	1	1	2	1
1
4	4
2	2	2
1	1	1	1
4	1
1
1	1	1	1	1
2	1
$99
7
1	1	1
1	1	1	1	1
1	1
1	1	2	2
1	1
1	1	1
2	1	2
1	1
2	1	3	1
2	1	1	2
2	2	1
2	2	2	1
1	1
2	1	1	1
1	1	1	1
1	1	1
2
2	1	1	2	1
1
1
3	1	1	1	1
1	2	1
1	1	1	1
1	1	6	1
1	1	1	1
1	1	2
1	1	2	1
2	1	1	1
1	1	1	2	1	1
$100
2	2	1	1
1	1	1
1	1	1	1
1	1
1	1	2
1	1	1
2	2	4
1	1	1
2	2	1
1	2	1
2	1	1	1	1
3
1	2	1	1	1	1
2
2	2	1	2
1	1
1	1	2
2	2	1
5
2	3	1
2	1	1	1	1
1	1	3	2	1
1	1
1	2	1
1	1	2
1	1	1	2
2	1	1
1	1
1	1	1	1
1	1	2	1	1
